Vernier Format 2
Untitled.cmbl 9/22/2026 16:07:25 .
Latest
Time	Potential
t	Pot
s	V

0	0.778998778999
0.1	0.778998778999
0.2	0.778998778999
0.3	0.781440781441
0.4	0.778998778999
0.5	0.778998778999
0.6	0.778998778999
0.7	0.777777777778
0.8	0.781440781441
0.9	0.778998778999
1	0.778998778999
1.1	0.778998778999
1.2	0.78021978022
1.3	0.778998778999
1.4	0.778998778999
1.5	0.778998778999
1.6	0.78021978022
1.7	0.778998778999
1.8	0.778998778999
1.9	0.777777777778
2	0.78021978022
2.1	0.778998778999
2.2	0.777777777778
2.3	0.778998778999
2.4	0.778998778999
2.5	0.778998778999
2.6	0.778998778999
2.7	0.778998778999
2.8	0.778998778999
2.9	0.778998778999
3	0.777777777778
3.1	0.778998778999
3.2	0.778998778999
3.3	0.778998778999
3.4	0.778998778999
3.5	0.778998778999
3.6	0.778998778999
3.7	0.778998778999
3.8	0.778998778999
3.9	0.778998778999
4	0.778998778999
4.1	0.778998778999
4.2	0.778998778999
4.3	0.778998778999
4.4	0.778998778999
4.5	0.778998778999
4.6	0.778998778999
4.7	0.778998778999
4.8	0.781440781441
4.9	0.778998778999
5	0.778998778999
5.1	0.781440781441
5.2	0.778998778999
5.3	0.778998778999
5.4	0.778998778999
5.5	0.777777777778
5.6	0.778998778999
5.7	0.778998778999
5.8	0.778998778999
5.9	0.778998778999
6	0.778998778999
6.1	0.778998778999
6.2	0.782661782662
6.3	0.788766788767
6.4	0.796092796093
6.5	0.805860805861
6.6	0.818070818071
6.7	0.831501831502
6.8	0.844932844933
6.9	0.860805860806
7	0.879120879121
7.1	0.896214896215
7.2	0.915750915751
7.3	0.935286935287
7.4	0.954822954823
7.5	0.974358974359
7.6	0.996336996337
7.7	1.01587301587
7.8	1.03785103785
7.9	1.05616605617
8	1.07814407814
8.1	1.09768009768
8.2	1.11843711844
8.3	1.13919413919
8.4	1.15873015873
8.5	1.17948717949
8.6	1.19902319902
8.7	1.21733821734
8.8	1.23565323565
8.9	1.25641025641
9	1.27472527473
9.1	1.29304029304
9.2	1.31257631258
9.3	1.33211233211
9.4	1.35286935287
9.5	1.37240537241
9.6	1.39072039072
9.7	1.41147741148
9.8	1.43101343101
9.9	1.45054945055
10	1.47008547009
10.1	1.4884004884
10.2	1.50671550672
10.3	1.52503052503
10.4	1.54212454212
10.5	1.56043956044
10.6	1.57753357753
10.7	1.59340659341
10.8	1.60805860806
10.9	1.62148962149
11	1.6336996337
11.1	1.64468864469
11.2	1.65567765568
11.3	1.66666666667
11.4	1.68253968254
11.5	1.69719169719
11.6	1.71428571429
11.7	1.73137973138
11.8	1.74969474969
11.9	1.76923076923
12	1.78632478632
12.1	1.81074481074
12.2	1.84004884005
12.3	1.86935286935
12.4	1.89987789988
12.5	1.92796092796
12.6	1.95726495726
12.7	1.98656898657
12.8	2.01587301587
12.9	2.04273504274
13	2.06837606838
13.1	2.09645909646
13.2	2.12454212454
13.3	2.15384615385
13.4	2.18803418803
13.5	2.221001221
13.6	2.25518925519
13.7	2.28693528694
13.8	2.31868131868
13.9	2.35042735043
14	2.38217338217
14.1	2.41025641026
14.2	2.442002442
14.3	2.46886446886
14.4	2.49816849817
14.5	2.52503052503
14.6	2.54945054945
14.7	2.57631257631
14.8	2.60317460317
14.9	2.62881562882
15	2.65079365079
15.1	2.67521367521
15.2	2.69719169719
15.3	2.71916971917
15.4	2.74481074481
15.5	2.76556776557
15.6	2.78754578755
15.7	2.80463980464
15.8	2.82783882784
15.9	2.84981684982
16	2.86935286935
16.1	2.88644688645
16.2	2.9072039072
16.3	2.9242979243
16.4	2.94261294261
16.5	2.96092796093
16.6	2.9768009768
16.7	2.99389499389
16.8	3.01343101343
16.9	3.0293040293
17	3.04273504274
17.1	3.05738705739
17.2	3.07326007326
17.3	3.09035409035
17.4	3.10256410256
17.5	3.11721611722
17.6	3.13431013431
17.7	3.14774114774
17.8	3.15995115995
17.9	3.1746031746
18	3.18803418803
18.1	3.19902319902
18.2	3.21245421245
18.3	3.22466422466
18.4	3.2380952381
18.5	3.25030525031
18.6	3.26007326007
18.7	3.27106227106
18.8	3.28327228327
18.9	3.29426129426
19	3.30891330891
19.1	3.3199023199
19.2	3.33333333333
19.3	3.34920634921
19.4	3.36752136752
19.5	3.38339438339
19.6	3.40170940171
19.7	3.42124542125
19.8	3.442002442
19.9	3.45787545788
20	3.47863247863
20.1	3.49694749695
20.2	3.51648351648
20.3	3.53846153846
20.4	3.55921855922
20.5	3.57997557998
20.6	3.60317460317
20.7	3.62515262515
20.8	3.64346764347
20.9	3.66422466422
21	3.68498168498
21.1	3.70451770452
21.2	3.7264957265
21.3	3.74969474969
21.4	3.77167277167
21.5	3.79609279609
21.6	3.81929181929
21.7	3.84371184371
21.8	3.86935286935
21.9	3.89255189255
22	3.91575091575
22.1	3.93894993895
22.2	3.96214896215
22.3	3.98168498168
22.4	4.00488400488
22.5	4.02564102564
22.6	4.04517704518
22.7	4.06593406593
22.8	4.08424908425
22.9	4.10134310134
23	4.11843711844
23.1	4.13797313797
23.2	4.15384615385
23.3	4.16483516484
23.4	4.15995115995
23.5	4.1514041514
23.6	4.14407814408
23.7	4.13553113553
23.8	4.12332112332
23.9	4.11111111111
24	4.09523809524
24.1	4.07936507937
24.2	4.06593406593
24.3	4.05128205128
24.4	4.03174603175
24.5	4.01343101343
24.6	3.99389499389
24.7	3.97557997558
24.8	3.95604395604
24.9	3.93772893773
25	3.91697191697
25.1	3.9010989011
25.2	3.88278388278
25.3	3.86324786325
25.4	3.84737484737
25.5	3.83028083028
25.6	3.81196581197
25.7	3.79487179487
25.8	3.77777777778
25.9	3.75824175824
26	3.74358974359
26.1	3.72771672772
26.2	3.70818070818
26.3	3.69352869353
26.4	3.67887667888
26.5	3.66178266178
26.6	3.64713064713
26.7	3.63003663004
26.8	3.61294261294
26.9	3.59951159951
27	3.58363858364
27.1	3.56776556777
27.2	3.55311355311
27.3	3.53846153846
27.4	3.52258852259
27.5	3.50793650794
27.6	3.49450549451
27.7	3.47985347985
27.8	3.4652014652
27.9	3.45054945055
28	3.43467643468
28.1	3.42490842491
28.2	3.40903540904
28.3	3.39438339438
28.4	3.38339438339
28.5	3.36874236874
28.6	3.35409035409
28.7	3.3431013431
28.8	3.32967032967
28.9	3.3137973138
29	3.30158730159
29.1	3.28937728938
29.2	3.27716727717
29.3	3.26495726496
29.4	3.25152625153
29.5	3.23687423687
29.6	3.22466422466
29.7	3.2148962149
29.8	3.20024420024
29.9	3.18925518926
30	3.17704517705
30.1	3.16483516484
30.2	3.15262515263
30.3	3.14163614164
30.4	3.12942612943
30.5	3.11965811966
30.6	3.10744810745
30.7	3.09523809524
30.8	3.08669108669
30.9	3.07203907204
31	3.06227106227
31.1	3.05006105006
31.2	3.03907203907
31.3	3.02808302808
31.4	3.01709401709
31.5	3.00854700855
31.6	2.99633699634
31.7	2.98534798535
31.8	2.97557997558
31.9	2.96459096459
32	2.9536019536
32.1	2.94383394383
32.2	2.93284493284
32.3	2.92185592186
32.4	2.91330891331
32.5	2.90231990232
32.6	2.89377289377
32.7	2.88156288156
32.8	2.87301587302
32.9	2.86568986569
33	2.85347985348
33.1	2.84249084249
33.2	2.83394383394
33.3	2.82295482295
33.4	2.81318681319
33.5	2.80463980464
33.6	2.79609279609
33.7	2.78632478632
33.8	2.77777777778
33.9	2.76678876679
34	2.75824175824
34.1	2.74847374847
34.2	2.73992673993
34.3	2.73015873016
34.4	2.72283272283
34.5	2.71184371184
34.6	2.70451770452
34.7	2.69474969475
34.8	2.68742368742
34.9	2.67765567766
35	2.67032967033
35.1	2.66056166056
35.2	2.65079365079
35.3	2.64224664225
35.4	2.63247863248
35.5	2.62637362637
35.6	2.61904761905
35.7	2.60927960928
35.8	2.60073260073
35.9	2.59462759463
36	2.58608058608
36.1	2.57875457875
36.2	2.56898656899
36.3	2.56166056166
36.4	2.55189255189
36.5	2.54700854701
36.6	2.53601953602
36.7	2.52991452991
36.8	2.52136752137
36.9	2.51282051282
37	2.50549450549
37.1	2.49694749695
37.2	2.49084249084
37.3	2.48351648352
37.4	2.47619047619
37.5	2.46764346764
37.6	2.46153846154
37.7	2.45299145299
37.8	2.44566544567
37.9	2.43711843712
38	2.43101343101
38.1	2.42368742369
38.2	2.41636141636
38.3	2.41025641026
38.4	2.40293040293
38.5	2.39438339438
38.6	2.38827838828
38.7	2.37973137973
38.8	2.37362637363
38.9	2.36752136752
39	2.3601953602
39.1	2.35409035409
39.2	2.34554334554
39.3	2.33943833944
39.4	2.33333333333
39.5	2.32600732601
39.6	2.31746031746
39.7	2.31135531136
39.8	2.30647130647
39.9	2.29914529915
40	2.29181929182
40.1	2.28571428571
40.2	2.27960927961
40.3	2.27228327228
40.4	2.26495726496
40.5	2.26007326007
40.6	2.25274725275
40.7	2.24664224664
40.8	2.24053724054
40.9	2.23321123321
41	2.22832722833
41.1	2.22222222222
41.2	2.2148962149
41.3	2.20879120879
41.4	2.20268620269
41.5	2.1978021978
41.6	2.18925518926
41.7	2.18437118437
41.8	2.17704517705
41.9	2.17338217338
42	2.16727716728
42.1	2.15995115995
42.2	2.15262515263
42.3	2.15018315018
42.4	2.14285714286
42.5	2.13675213675
42.6	2.13064713065
42.7	2.12576312576
42.8	2.11965811966
42.9	2.11477411477
43	2.10622710623
43.1	2.10134310134
43.2	2.09523809524
43.3	2.09157509158
43.4	2.08547008547
43.5	2.07936507937
43.6	2.07326007326
43.7	2.0695970696
43.8	2.06349206349
43.9	2.05738705739
44	2.05128205128
44.1	2.0463980464
44.2	2.04029304029
44.3	2.03540903541
44.4	2.03052503053
44.5	2.02442002442
44.6	2.01831501832
44.7	2.01343101343
44.8	2.00976800977
44.9	2.00366300366
45	1.99755799756
45.1	1.99389499389
45.2	1.98778998779
45.3	1.98290598291
45.4	1.9768009768
45.5	1.97191697192
45.6	1.96825396825
45.7	1.96092796093
45.8	1.95848595849
45.9	1.95115995116
46	1.9474969475
46.1	1.94261294261
46.2	1.93650793651
46.3	1.93162393162
46.4	1.92673992674
46.5	1.92307692308
46.6	1.91819291819
46.7	1.91208791209
46.8	1.9072039072
46.9	1.90231990232
47	1.89865689866
47.1	1.89255189255
47.2	1.88888888889
47.3	1.884004884
47.4	1.87912087912
47.5	1.87423687424
47.6	1.87057387057
47.7	1.86568986569
47.8	1.85958485958
47.9	1.85592185592
48	1.85103785104
48.1	1.84615384615
48.2	1.84126984127
48.3	1.83882783883
48.4	1.83272283272
48.5	1.82783882784
48.6	1.82295482295
48.7	1.81807081807
48.8	1.81440781441
48.9	1.81074481074
49	1.80708180708
49.1	1.8021978022
49.2	1.79609279609
49.3	1.79242979243
49.4	1.78876678877
49.5	1.78388278388
49.6	1.78021978022
49.7	1.77533577534
49.8	1.77045177045
49.9	1.76678876679
50	1.76312576313
50.1	1.75946275946
50.2	1.75335775336
50.3	1.74969474969
50.4	1.74725274725
50.5	1.74114774115
50.6	1.73748473748
50.7	1.73382173382
50.8	1.72893772894
50.9	1.7264957265
51	1.72161172161
51.1	1.71794871795
51.2	1.71306471306
51.3	1.70818070818
51.4	1.70451770452
51.5	1.70207570208
51.6	1.69719169719
51.7	1.69352869353
51.8	1.68986568987
51.9	1.68498168498
52	1.68131868132
52.1	1.67765567766
52.2	1.67277167277
52.3	1.67155067155
52.4	1.66422466422
52.5	1.66178266178
52.6	1.6568986569
52.7	1.65445665446
52.8	1.65079365079
52.9	1.64590964591
53	1.64468864469
53.1	1.63858363858
53.2	1.63492063492
53.3	1.63125763126
53.4	1.62881562882
53.5	1.62271062271
53.6	1.62026862027
53.7	1.61660561661
53.8	1.61294261294
53.9	1.60927960928
54	1.60683760684
54.1	1.60195360195
54.2	1.59951159951
54.3	1.59584859585
54.4	1.59096459096
54.5	1.5873015873
54.6	1.58363858364
54.7	1.58241758242
54.8	1.57631257631
54.9	1.57387057387
55	1.57020757021
55.1	1.56776556777
55.2	1.5641025641
55.3	1.55921855922
55.4	1.55921855922
55.5	1.55311355311
55.6	1.54945054945
55.7	1.54700854701
55.8	1.54456654457
55.9	1.53968253968
56	1.53601953602
56.1	1.53235653236
56.2	1.52869352869
56.3	1.52625152625
56.4	1.52380952381
56.5	1.52014652015
56.6	1.51648351648
56.7	1.51404151404
56.8	1.51037851038
56.9	1.50549450549
57	1.50427350427
57.1	1.50061050061
57.2	1.49694749695
57.3	1.49328449328
57.4	1.49084249084
57.5	1.48717948718
57.6	1.48473748474
57.7	1.48107448107
57.8	1.47863247863
57.9	1.47496947497
58	1.47130647131
58.1	1.46886446886
58.2	1.46642246642
58.3	1.46275946276
58.4	1.46031746032
58.5	1.45787545788
58.6	1.45299145299
58.7	1.45177045177
58.8	1.44810744811
58.9	1.44566544567
59	1.44078144078
59.1	1.43711843712
59.2	1.4358974359
59.3	1.43345543346
59.4	1.42979242979
59.5	1.42612942613
59.6	1.42368742369
59.7	1.42124542125
59.8	1.4188034188
59.9	1.41514041514
60	1.41025641026
60.1	1.40903540904
60.2	1.40781440781
60.3	1.40415140415
60.4	1.40170940171
60.5	1.39804639805
60.6	1.3956043956
60.7	1.39194139194
60.8	1.39072039072
60.9	1.38705738706
61	1.38339438339
61.1	1.38095238095
61.2	1.37851037851
61.3	1.37484737485
61.4	1.37240537241
61.5	1.37118437118
61.6	1.36752136752
61.7	1.36507936508
61.8	1.36263736264
61.9	1.35897435897
62	1.35653235653
62.1	1.35409035409
62.2	1.35164835165
62.3	1.34920634921
62.4	1.34554334554
62.5	1.3431013431
62.6	1.34065934066
62.7	1.33943833944
62.8	1.33577533578
62.9	1.33455433455
63	1.33211233211
63.1	1.32844932845
63.2	1.32600732601
63.3	1.32234432234
63.4	1.3199023199
63.5	1.31746031746
63.6	1.31501831502
63.7	1.3137973138
63.8	1.31013431013
63.9	1.30769230769
64	1.30525030525
64.1	1.30158730159
64.2	1.29914529915
64.3	1.29792429792
64.4	1.29548229548
64.5	1.29181929182
64.6	1.2905982906
64.7	1.28815628816
64.8	1.28571428571
64.9	1.28205128205
65	1.28205128205
65.1	1.27838827839
65.2	1.27594627595
65.3	1.27228327228
65.4	1.27228327228
65.5	1.2673992674
65.6	1.26617826618
65.7	1.26373626374
65.8	1.26251526252
65.9	1.26007326007
66	1.25763125763
66.1	1.25518925519
66.2	1.25396825397
66.3	1.25030525031
66.4	1.24786324786
66.5	1.24542124542
66.6	1.2442002442
66.7	1.24175824176
66.8	1.23931623932
66.9	1.23687423687
67	1.23565323565
67.1	1.23321123321
67.2	1.23199023199
67.3	1.22710622711
67.4	1.22588522589
67.5	1.22344322344
67.6	1.22222222222
67.7	1.21978021978
67.8	1.21855921856
67.9	1.2148962149
68	1.21367521368
68.1	1.21245421245
68.2	1.20879120879
68.3	1.20634920635
68.4	1.20512820513
68.5	1.20268620269
68.6	1.20024420024
68.7	1.19902319902
68.8	1.19658119658
68.9	1.19536019536
69	1.19291819292
69.1	1.1916971917
69.2	1.18803418803
69.3	1.18681318681
69.4	1.18437118437
69.5	1.18315018315
69.6	1.18192918193
69.7	1.17704517705
69.8	1.17704517705
69.9	1.17338217338
70	1.17338217338
70.1	1.16971916972
70.2	1.1684981685
70.3	1.16605616606
70.4	1.16361416361
70.5	1.16239316239
70.6	1.15995115995
70.7	1.15995115995
70.8	1.15750915751
70.9	1.15506715507
71	1.15262515263
71.1	1.1514041514
71.2	1.14896214896
71.3	1.14774114774
71.4	1.1452991453
71.5	1.14285714286
71.6	1.14163614164
71.7	1.13919413919
71.8	1.13797313797
71.9	1.13553113553
72	1.13308913309
72.1	1.13308913309
72.2	1.13064713065
72.3	1.12942612943
72.4	1.12698412698
72.5	1.12576312576
72.6	1.12332112332
72.7	1.12087912088
72.8	1.11965811966
72.9	1.11843711844
73	1.11843711844
73.1	1.11477411477
73.2	1.11233211233
73.3	1.11111111111
73.4	1.10866910867
73.5	1.10622710623
73.6	1.10500610501
73.7	1.10500610501
73.8	1.10256410256
73.9	1.10134310134
74	1.0989010989
74.1	1.09768009768
74.2	1.09645909646
74.3	1.09401709402
74.4	1.09157509158
74.5	1.09035409035
74.6	1.08791208791
74.7	1.08669108669
74.8	1.08669108669
74.9	1.08424908425
75	1.08302808303
75.1	1.08180708181
75.2	1.07936507937
75.3	1.07692307692
75.4	1.0757020757
75.5	1.07326007326
75.6	1.07326007326
75.7	1.07081807082
75.8	1.06837606838
75.9	1.06837606838
76	1.06471306471
76.1	1.06471306471
76.2	1.06349206349
76.3	1.06105006105
76.4	1.05982905983
76.5	1.05860805861
76.6	1.05738705739
76.7	1.05616605617
76.8	1.05372405372
76.9	1.0525030525
77	1.05128205128
77.1	1.05006105006
77.2	1.04761904762
77.3	1.0463980464
77.4	1.04517704518
77.5	1.04273504274
77.6	1.04151404151
77.7	1.04029304029
77.8	1.04029304029
77.9	1.03663003663
78	1.03540903541
78.1	1.03540903541
78.2	1.03540903541
78.3	1.03174603175
78.4	1.03052503053
78.5	1.0293040293
78.6	1.02808302808
78.7	1.02564102564
78.8	1.02442002442
78.9	1.0231990232
79	1.02197802198
79.1	1.02197802198
79.2	1.01953601954
79.3	1.01831501832
79.4	1.01709401709
79.5	1.01587301587
79.6	1.01343101343
79.7	1.01221001221
79.8	1.01098901099
79.9	1.00976800977
80	1.00854700855
80.1	1.00610500611
80.2	1.00366300366
80.3	1.00488400488
80.4	1.00366300366
80.5	1.00244200244
80.6	1.00122100122
80.7	0.998778998779
80.8	0.997557997558
80.9	0.996336996337
81	0.995115995116
81.1	0.993894993895
81.2	0.992673992674
81.3	0.991452991453
81.4	0.990231990232
81.5	0.989010989011
81.6	0.98778998779
81.7	0.985347985348
81.8	0.985347985348
81.9	0.984126984127
82	0.982905982906
82.1	0.981684981685
82.2	0.980463980464
82.3	0.979242979243
82.4	0.978021978022
82.5	0.976800976801
82.6	0.974358974359
82.7	0.974358974359
82.8	0.974358974359
82.9	0.971916971917
83	0.970695970696
83.1	0.969474969475
83.2	0.967032967033
83.3	0.968253968254
83.4	0.967032967033
83.5	0.965811965812
83.6	0.964590964591
83.7	0.96336996337
83.8	0.960927960928
83.9	0.960927960928
84	0.959706959707
84.1	0.957264957265
84.2	0.957264957265
84.3	0.956043956044
84.4	0.954822954823
84.5	0.954822954823
84.6	0.953601953602
84.7	0.952380952381
84.8	0.95115995116
84.9	0.948717948718
85	0.947496947497
85.1	0.947496947497
85.2	0.946275946276
85.3	0.945054945055
85.4	0.945054945055
85.5	0.942612942613
85.6	0.942612942613
85.7	0.941391941392
85.8	0.93894993895
85.9	0.93894993895
86	0.937728937729
86.1	0.93894993895
86.2	0.934065934066
86.3	0.934065934066
86.4	0.932844932845
86.5	0.931623931624
86.6	0.932844932845
86.7	0.930402930403
86.8	0.929181929182
86.9	0.929181929182
87	0.927960927961
87.1	0.927960927961
87.2	0.924297924298
87.3	0.925518925519
87.4	0.923076923077
87.5	0.919413919414
87.6	0.920634920635
87.7	0.920634920635
87.8	0.919413919414
87.9	0.919413919414
88	0.919413919414
88.1	0.916971916972
88.2	0.915750915751
88.3	0.913308913309
88.4	0.913308913309
88.5	0.913308913309
88.6	0.909645909646
88.7	0.909645909646
88.8	0.912087912088
88.9	0.910866910867
89	0.908424908425
89.1	0.905982905983
89.2	0.907203907204
89.3	0.905982905983
89.4	0.904761904762
89.5	0.903540903541
89.6	0.903540903541
89.7	0.901098901099
89.8	0.901098901099
89.9	0.899877899878
90	0.901098901099
90.1	0.898656898657
90.2	0.896214896215
90.3	0.896214896215
90.4	0.896214896215
90.5	0.894993894994
90.6	0.893772893773
90.7	0.893772893773
90.8	0.891330891331
90.9	0.891330891331
91	0.888888888889
91.1	0.89010989011
91.2	0.89010989011
91.3	0.887667887668
91.4	0.886446886447
91.5	0.886446886447
91.6	0.885225885226
91.7	0.885225885226
91.8	0.886446886447
91.9	0.882783882784
92	0.881562881563
92.1	0.882783882784
92.2	0.881562881563
92.3	0.880341880342
92.4	0.879120879121
92.5	0.880341880342
92.6	0.879120879121
92.7	0.876678876679
92.8	0.876678876679
92.9	0.875457875458
93	0.875457875458
93.1	0.875457875458
93.2	0.873015873016
93.3	0.871794871795
93.4	0.871794871795
93.5	0.870573870574
93.6	0.870573870574
93.7	0.869352869353
93.8	0.869352869353
93.9	0.869352869353
94	0.868131868132
94.1	0.868131868132
94.2	0.866910866911
94.3	0.866910866911
94.4	0.86568986569
94.5	0.864468864469
94.6	0.864468864469
94.7	0.863247863248
94.8	0.863247863248
94.9	0.860805860806
95	0.860805860806
95.1	0.859584859585
95.2	0.859584859585
95.3	0.858363858364
95.4	0.858363858364
95.5	0.857142857143
95.6	0.855921855922
95.7	0.855921855922
95.8	0.854700854701
95.9	0.854700854701
96	0.854700854701
96.1	0.854700854701
96.2	0.852258852259
96.3	0.852258852259
96.4	0.851037851038
96.5	0.849816849817
96.6	0.851037851038
96.7	0.849816849817
96.8	0.848595848596
96.9	0.848595848596
97	0.847374847375
97.1	0.847374847375
97.2	0.847374847375
97.3	0.844932844933
97.4	0.844932844933
97.5	0.843711843712
97.6	0.843711843712
97.7	0.843711843712
97.8	0.842490842491
97.9	0.842490842491
98	0.84126984127
98.1	0.84126984127
98.2	0.840048840049
98.3	0.840048840049
98.4	0.838827838828
98.5	0.837606837607
98.6	0.838827838828
98.7	0.837606837607
98.8	0.836385836386
98.9	0.836385836386
99	0.836385836386
99.1	0.836385836386
99.2	0.833943833944
99.3	0.835164835165
99.4	0.833943833944
99.5	0.832722832723
99.6	0.832722832723
99.7	0.831501831502
99.8	0.831501831502
99.9	0.831501831502
100	0.830280830281
100.1	0.82905982906
100.2	0.82905982906
100.3	0.82905982906
100.4	0.82905982906
100.5	0.827838827839
100.6	0.827838827839
100.7	0.827838827839
100.8	0.826617826618
100.9	0.825396825397
101	0.825396825397
101.1	0.825396825397
101.2	0.822954822955
101.3	0.824175824176
101.4	0.822954822955
101.5	0.821733821734
101.6	0.821733821734
101.7	0.821733821734
101.8	0.821733821734
101.9	0.821733821734
102	0.818070818071
102.1	0.819291819292
102.2	0.819291819292
102.3	0.819291819292
102.4	0.81684981685
102.5	0.81684981685
102.6	0.81684981685
102.7	0.815628815629
102.8	0.815628815629
102.9	0.81684981685
103	0.815628815629
103.1	0.815628815629
103.2	0.815628815629
103.3	0.813186813187
103.4	0.813186813187
103.5	0.813186813187
103.6	0.813186813187
103.7	0.813186813187
103.8	0.813186813187
103.9	0.810744810745
104	0.810744810745
104.1	0.809523809524
104.2	0.809523809524
104.3	0.810744810745
104.4	0.810744810745
104.5	0.809523809524
104.6	0.808302808303
104.7	0.808302808303
104.8	0.808302808303
104.9	0.808302808303
105	0.808302808303
105.1	0.807081807082
105.2	0.805860805861
105.3	0.805860805861
105.4	0.80463980464
105.5	0.80463980464
105.6	0.805860805861
105.7	0.80463980464
105.8	0.80463980464
105.9	0.803418803419
106	0.803418803419
106.1	0.803418803419
106.2	0.803418803419
106.3	0.800976800977
106.4	0.800976800977
106.5	0.802197802198
106.6	0.800976800977
106.7	0.800976800977
106.8	0.800976800977
106.9	0.798534798535
107	0.799755799756
107.1	0.799755799756
107.2	0.798534798535
107.3	0.797313797314
107.4	0.797313797314
107.5	0.796092796093
107.6	0.798534798535
107.7	0.796092796093
107.8	0.796092796093
107.9	0.796092796093
108	0.797313797314
108.1	0.794871794872
108.2	0.794871794872
108.3	0.793650793651
108.4	0.793650793651
108.5	0.793650793651
108.6	0.793650793651
108.7	0.79242979243
108.8	0.79242979243
108.9	0.79242979243
109	0.79242979243
109.1	0.791208791209
109.2	0.791208791209
109.3	0.791208791209
109.4	0.79242979243
109.5	0.791208791209
109.6	0.789987789988
109.7	0.791208791209
109.8	0.789987789988
109.9	0.789987789988
110	0.787545787546
110.1	0.788766788767
110.2	0.788766788767
110.3	0.786324786325
110.4	0.787545787546
110.5	0.788766788767
110.6	0.788766788767
110.7	0.787545787546
110.8	0.788766788767
110.9	0.787545787546
111	0.787545787546
111.1	0.785103785104
111.2	0.783882783883
111.3	0.785103785104
111.4	0.783882783883
111.5	0.786324786325
111.6	0.785103785104
111.7	0.785103785104
111.8	0.783882783883
111.9	0.782661782662
112	0.783882783883
112.1	0.783882783883
112.2	0.783882783883
112.3	0.783882783883
112.4	0.782661782662
112.5	0.782661782662
112.6	0.781440781441
112.7	0.781440781441
112.8	0.781440781441
112.9	0.781440781441
113	0.781440781441
113.1	0.781440781441
113.2	0.778998778999
113.3	0.778998778999
113.4	0.778998778999
113.5	0.778998778999
113.6	0.778998778999
113.7	0.778998778999
113.8	0.777777777778
113.9	0.778998778999
114	0.776556776557
114.1	0.777777777778
114.2	0.778998778999
114.3	0.776556776557
114.4	0.777777777778
114.5	0.776556776557
114.6	0.776556776557
114.7	0.776556776557
114.8	0.776556776557
114.9	0.775335775336
115	0.775335775336
115.1	0.775335775336
115.2	0.775335775336
115.3	0.775335775336
115.4	0.775335775336
115.5	0.774114774115
115.6	0.774114774115
115.7	0.774114774115
115.8	0.774114774115
115.9	0.774114774115
116	0.775335775336
116.1	0.774114774115
116.2	0.774114774115
116.3	0.772893772894
116.4	0.772893772894
116.5	0.772893772894
116.6	0.772893772894
116.7	0.771672771673
116.8	0.772893772894
116.9	0.771672771673
117	0.771672771673
117.1	0.771672771673
117.2	0.771672771673
117.3	0.771672771673
117.4	0.770451770452
117.5	0.770451770452
117.6	0.770451770452
117.7	0.771672771673
117.8	0.769230769231
117.9	0.769230769231
118	0.770451770452
118.1	0.769230769231
118.2	0.769230769231
118.3	0.76800976801
118.4	0.769230769231
118.5	0.769230769231
118.6	0.769230769231
118.7	0.769230769231
118.8	0.76800976801
118.9	0.769230769231
119	0.76800976801
119.1	0.76800976801
119.2	0.76800976801
119.3	0.76800976801
119.4	0.76800976801
119.5	0.765567765568
119.6	0.766788766789
119.7	0.76800976801
119.8	0.766788766789
119.9	0.766788766789
120	0.766788766789
120.1	0.765567765568
120.2	0.766788766789
120.3	0.76800976801
120.4	0.765567765568
120.5	0.765567765568
120.6	0.765567765568
120.7	0.765567765568
120.8	0.764346764347
120.9	0.765567765568
121	0.765567765568
121.1	0.765567765568
121.2	0.764346764347
121.3	0.764346764347
121.4	0.765567765568
121.5	0.764346764347
121.6	0.764346764347
121.7	0.764346764347
121.8	0.764346764347
121.9	0.763125763126
122	0.764346764347
122.1	0.763125763126
122.2	0.763125763126
122.3	0.763125763126
122.4	0.761904761905
122.5	0.764346764347
122.6	0.761904761905
122.7	0.763125763126
122.8	0.763125763126
122.9	0.761904761905
123	0.763125763126
123.1	0.763125763126
123.2	0.761904761905
123.3	0.763125763126
123.4	0.760683760684
123.5	0.761904761905
123.6	0.760683760684
123.7	0.761904761905
123.8	0.761904761905
123.9	0.761904761905
124	0.760683760684
124.1	0.761904761905
124.2	0.759462759463
124.3	0.760683760684
124.4	0.761904761905
124.5	0.760683760684
124.6	0.759462759463
124.7	0.760683760684
124.8	0.760683760684
124.9	0.759462759463
125	0.760683760684
125.1	0.759462759463
125.2	0.759462759463
125.3	0.759462759463
125.4	0.759462759463
125.5	0.759462759463
125.6	0.759462759463
125.7	0.759462759463
125.8	0.757020757021
125.9	0.758241758242
126	0.759462759463
126.1	0.758241758242
126.2	0.759462759463
126.3	0.759462759463
126.4	0.758241758242
126.5	0.758241758242
126.6	0.758241758242
126.7	0.757020757021
126.8	0.757020757021
126.9	0.7557997558
127	0.758241758242
127.1	0.759462759463
127.2	0.759462759463
127.3	0.758241758242
127.4	0.758241758242
127.5	0.758241758242
127.6	0.757020757021
127.7	0.7557997558
127.8	0.758241758242
127.9	0.757020757021
128	0.757020757021
128.1	0.757020757021
128.2	0.758241758242
128.3	0.7557997558
128.4	0.7557997558
128.5	0.757020757021
128.6	0.7557997558
128.7	0.757020757021
128.8	0.757020757021
128.9	0.757020757021
129	0.7557997558
129.1	0.753357753358
129.2	0.757020757021
129.3	0.7557997558
129.4	0.757020757021
129.5	0.757020757021
129.6	0.757020757021
129.7	0.7557997558
129.8	0.754578754579
129.9	0.7557997558
130	0.7557997558
130.1	0.7557997558
130.2	0.754578754579
130.3	0.754578754579
130.4	0.754578754579
130.5	0.7557997558
130.6	0.7557997558
130.7	0.7557997558
130.8	0.7557997558
130.9	0.7557997558
131	0.7557997558
131.1	0.7557997558
131.2	0.754578754579
131.3	0.754578754579
131.4	0.7557997558
131.5	0.754578754579
131.6	0.754578754579
131.7	0.754578754579
131.8	0.753357753358
131.9	0.754578754579
132	0.754578754579
132.1	0.753357753358
132.2	0.753357753358
132.3	0.753357753358
132.4	0.753357753358
132.5	0.753357753358
132.6	0.754578754579
132.7	0.7557997558
132.8	0.753357753358
132.9	0.754578754579
133	0.753357753358
133.1	0.753357753358
133.2	0.753357753358
133.3	0.753357753358
133.4	0.753357753358
133.5	0.753357753358
133.6	0.752136752137
133.7	0.752136752137
133.8	0.753357753358
133.9	0.754578754579
134	0.754578754579
134.1	0.752136752137
134.2	0.753357753358
134.3	0.754578754579
134.4	0.753357753358
134.5	0.753357753358
134.6	0.752136752137
134.7	0.753357753358
134.8	0.753357753358
134.9	0.753357753358
135	0.752136752137
135.1	0.753357753358
135.2	0.752136752137
135.3	0.752136752137
135.4	0.752136752137
135.5	0.753357753358
135.6	0.753357753358
135.7	0.753357753358
135.8	0.753357753358
135.9	0.753357753358
136	0.753357753358
136.1	0.752136752137
136.2	0.752136752137
136.3	0.752136752137
136.4	0.753357753358
136.5	0.753357753358
136.6	0.752136752137
136.7	0.752136752137
136.8	0.752136752137
136.9	0.753357753358
137	0.752136752137
137.1	0.752136752137
137.2	0.752136752137
137.3	0.752136752137
137.4	0.753357753358
137.5	0.752136752137
137.6	0.752136752137
137.7	0.752136752137
137.8	0.752136752137
137.9	0.752136752137
138	0.752136752137
138.1	0.752136752137
138.2	0.752136752137
138.3	0.753357753358
138.4	0.752136752137
138.5	0.752136752137
138.6	0.753357753358
138.7	0.752136752137
138.8	0.753357753358
138.9	0.752136752137
139	0.750915750916
139.1	0.752136752137
139.2	0.752136752137
139.3	0.752136752137
139.4	0.752136752137
139.5	0.752136752137
139.6	0.750915750916
139.7	0.752136752137
139.8	0.752136752137
139.9	0.750915750916
140	0.752136752137
140.1	0.752136752137
140.2	0.752136752137
140.3	0.752136752137
140.4	0.752136752137
140.5	0.752136752137
140.6	0.752136752137
140.7	0.753357753358
140.8	0.750915750916
140.9	0.752136752137
141	0.750915750916
141.1	0.752136752137
141.2	0.750915750916
141.3	0.752136752137
141.4	0.752136752137
141.5	0.752136752137
141.6	0.752136752137
141.7	0.750915750916
141.8	0.752136752137
141.9	0.750915750916
142	0.753357753358
142.1	0.752136752137
142.2	0.752136752137
142.3	0.752136752137
142.4	0.752136752137
142.5	0.750915750916
142.6	0.750915750916
142.7	0.752136752137
142.8	0.750915750916
142.9	0.752136752137
143	0.752136752137
143.1	0.750915750916
143.2	0.750915750916
143.3	0.752136752137
143.4	0.752136752137
143.5	0.752136752137
143.6	0.750915750916
143.7	0.750915750916
143.8	0.750915750916
143.9	0.752136752137
144	0.752136752137
144.1	0.752136752137
144.2	0.752136752137
144.3	0.750915750916
144.4	0.752136752137
144.5	0.752136752137
144.6	0.752136752137
144.7	0.750915750916
144.8	0.750915750916
144.9	0.752136752137
145	0.750915750916
145.1	0.750915750916
145.2	0.752136752137
145.3	0.750915750916
145.4	0.752136752137
145.5	0.752136752137
145.6	0.752136752137
145.7	0.752136752137
145.8	0.752136752137
145.9	0.752136752137
146	0.752136752137
146.1	0.750915750916
146.2	0.752136752137
146.3	0.752136752137
146.4	0.752136752137
146.5	0.752136752137
146.6	0.749694749695
146.7	0.752136752137
146.8	0.752136752137
146.9	0.752136752137
147	0.752136752137
147.1	0.749694749695
147.2	0.750915750916
147.3	0.750915750916
147.4	0.752136752137
147.5	0.750915750916
147.6	0.752136752137
147.7	0.752136752137
147.8	0.752136752137
147.9	0.750915750916
148	0.750915750916
148.1	0.752136752137
148.2	0.750915750916
148.3	0.752136752137
148.4	0.750915750916
148.5	0.750915750916
148.6	0.752136752137
148.7	0.753357753358
148.8	0.753357753358
148.9	0.750915750916
149	0.752136752137
149.1	0.752136752137
149.2	0.750915750916
149.3	0.752136752137
149.4	0.752136752137
149.5	0.750915750916
149.6	0.752136752137
149.7	0.750915750916
149.8	0.752136752137
149.9	0.752136752137
150	0.752136752137
150.1	0.752136752137
150.2	0.752136752137
150.3	0.753357753358
150.4	0.750915750916
150.5	0.752136752137
150.6	0.750915750916
150.7	0.752136752137
150.8	0.752136752137
150.9	0.750915750916
151	0.752136752137
151.1	0.752136752137
151.2	0.753357753358
151.3	0.752136752137
151.4	0.750915750916
151.5	0.752136752137
151.6	0.752136752137
151.7	0.752136752137
151.8	0.753357753358
151.9	0.752136752137
152	0.752136752137
152.1	0.753357753358
152.2	0.752136752137
152.3	0.752136752137
152.4	0.749694749695
152.5	0.750915750916
152.6	0.752136752137
152.7	0.752136752137
152.8	0.750915750916
152.9	0.750915750916
153	0.752136752137
153.1	0.753357753358
153.2	0.750915750916
153.3	0.752136752137
153.4	0.753357753358
153.5	0.752136752137
153.6	0.753357753358
153.7	0.752136752137
153.8	0.752136752137
153.9	0.752136752137
154	0.752136752137
154.1	0.752136752137
154.2	0.752136752137
154.3	0.750915750916
154.4	0.753357753358
154.5	0.750915750916
154.6	0.752136752137
154.7	0.753357753358
154.8	0.752136752137
154.9	0.752136752137
155	0.753357753358
155.1	0.752136752137
155.2	0.750915750916
155.3	0.752136752137
155.4	0.752136752137
155.5	0.753357753358
155.6	0.752136752137
155.7	0.753357753358
155.8	0.752136752137
155.9	0.752136752137
156	0.753357753358
156.1	0.752136752137
156.2	0.753357753358
156.3	0.753357753358
156.4	0.753357753358
156.5	0.753357753358
156.6	0.753357753358
156.7	0.753357753358
156.8	0.753357753358
156.9	0.752136752137
157	0.753357753358
157.1	0.753357753358
157.2	0.754578754579
157.3	0.753357753358
157.4	0.753357753358
157.5	0.753357753358
157.6	0.752136752137
157.7	0.753357753358
157.8	0.752136752137
157.9	0.752136752137
158	0.753357753358
158.1	0.754578754579
158.2	0.753357753358
158.3	0.753357753358
158.4	0.754578754579
158.5	0.753357753358
158.6	0.753357753358
158.7	0.753357753358
158.8	0.752136752137
158.9	0.753357753358
159	0.753357753358
159.1	0.753357753358
159.2	0.753357753358
159.3	0.752136752137
159.4	0.753357753358
159.5	0.754578754579
159.6	0.754578754579
159.7	0.753357753358
159.8	0.753357753358
159.9	0.754578754579
160	0.752136752137
160.1	0.753357753358
160.2	0.753357753358
160.3	0.753357753358
160.4	0.753357753358
160.5	0.752136752137
160.6	0.754578754579
160.7	0.753357753358
160.8	0.753357753358
160.9	0.753357753358
161	0.753357753358
161.1	0.754578754579
161.2	0.753357753358
161.3	0.753357753358
161.4	0.753357753358
161.5	0.753357753358
161.6	0.754578754579
161.7	0.753357753358
161.8	0.753357753358
161.9	0.754578754579
162	0.754578754579
162.1	0.753357753358
162.2	0.754578754579
162.3	0.754578754579
162.4	0.7557997558
162.5	0.754578754579
162.6	0.753357753358
162.7	0.752136752137
162.8	0.754578754579
162.9	0.754578754579
163	0.754578754579
163.1	0.754578754579
163.2	0.754578754579
163.3	0.754578754579
163.4	0.754578754579
163.5	0.753357753358
163.6	0.753357753358
163.7	0.754578754579
163.8	0.754578754579
163.9	0.754578754579
164	0.754578754579
164.1	0.754578754579
164.2	0.754578754579
164.3	0.754578754579
164.4	0.7557997558
164.5	0.754578754579
164.6	0.7557997558
164.7	0.754578754579
164.8	0.7557997558
164.9	0.754578754579
165	0.754578754579
165.1	0.7557997558
165.2	0.754578754579
165.3	0.754578754579
165.4	0.7557997558
165.5	0.7557997558
165.6	0.754578754579
165.7	0.754578754579
165.8	0.754578754579
165.9	0.754578754579
166	0.754578754579
166.1	0.7557997558
166.2	0.7557997558
166.3	0.754578754579
166.4	0.754578754579
166.5	0.7557997558
166.6	0.7557997558
166.7	0.7557997558
166.8	0.754578754579
166.9	0.7557997558
167	0.754578754579
167.1	0.754578754579
167.2	0.7557997558
167.3	0.7557997558
167.4	0.7557997558
167.5	0.7557997558
167.6	0.754578754579
167.7	0.7557997558
167.8	0.7557997558
167.9	0.7557997558
168	0.757020757021
168.1	0.7557997558
168.2	0.754578754579
168.3	0.7557997558
168.4	0.7557997558
168.5	0.7557997558
168.6	0.757020757021
168.7	0.7557997558
168.8	0.7557997558
168.9	0.757020757021
169	0.757020757021
169.1	0.7557997558
169.2	0.7557997558
169.3	0.7557997558
169.4	0.757020757021
169.5	0.758241758242
169.6	0.7557997558
169.7	0.757020757021
169.8	0.757020757021
169.9	0.754578754579
170	0.7557997558
170.1	0.757020757021
170.2	0.757020757021
170.3	0.757020757021
170.4	0.7557997558
170.5	0.7557997558
170.6	0.7557997558
170.7	0.7557997558
170.8	0.757020757021
170.9	0.757020757021
171	0.757020757021
171.1	0.757020757021
171.2	0.758241758242
171.3	0.757020757021
171.4	0.757020757021
171.5	0.757020757021
171.6	0.757020757021
171.7	0.757020757021
171.8	0.757020757021
171.9	0.757020757021
172	0.757020757021
172.1	0.757020757021
172.2	0.757020757021
172.3	0.757020757021
172.4	0.758241758242
172.5	0.757020757021
172.6	0.758241758242
172.7	0.757020757021
172.8	0.757020757021
172.9	0.757020757021
173	0.758241758242
173.1	0.7557997558
173.2	0.758241758242
173.3	0.757020757021
173.4	0.757020757021
173.5	0.757020757021
173.6	0.757020757021
173.7	0.757020757021
173.8	0.758241758242
173.9	0.758241758242
174	0.757020757021
174.1	0.758241758242
174.2	0.757020757021
174.3	0.758241758242
174.4	0.757020757021
174.5	0.759462759463
174.6	0.757020757021
174.7	0.758241758242
174.8	0.757020757021
174.9	0.758241758242
175	0.757020757021
175.1	0.758241758242
175.2	0.757020757021
175.3	0.758241758242
175.4	0.757020757021
175.5	0.758241758242
175.6	0.758241758242
175.7	0.758241758242
175.8	0.758241758242
175.9	0.758241758242
176	0.758241758242
176.1	0.758241758242
176.2	0.758241758242
176.3	0.758241758242
176.4	0.759462759463
176.5	0.758241758242
176.6	0.759462759463
176.7	0.758241758242
176.8	0.759462759463
176.9	0.758241758242
177	0.758241758242
177.1	0.759462759463
177.2	0.758241758242
177.3	0.759462759463
177.4	0.759462759463
177.5	0.758241758242
177.6	0.758241758242
177.7	0.759462759463
177.8	0.759462759463
177.9	0.758241758242
178	0.758241758242
178.1	0.759462759463
178.2	0.759462759463
178.3	0.759462759463
178.4	0.759462759463
178.5	0.758241758242
178.6	0.759462759463
178.7	0.759462759463
178.8	0.758241758242
178.9	0.759462759463
179	0.758241758242
179.1	0.759462759463
179.2	0.759462759463
179.3	0.758241758242
179.4	0.759462759463
179.5	0.758241758242
179.6	0.759462759463
179.7	0.759462759463
179.8	0.758241758242
179.9	0.759462759463
180	0.758241758242
180.1	0.759462759463
180.2	0.759462759463
180.3	0.758241758242
180.4	0.759462759463
180.5	0.759462759463
180.6	0.760683760684
180.7	0.759462759463
180.8	0.759462759463
180.9	0.759462759463
181	0.760683760684
181.1	0.759462759463
181.2	0.761904761905
181.3	0.759462759463
181.4	0.759462759463
181.5	0.759462759463
181.6	0.759462759463
181.7	0.760683760684
181.8	0.759462759463
181.9	0.760683760684
182	0.761904761905
182.1	0.761904761905
182.2	0.760683760684
182.3	0.761904761905
182.4	0.759462759463
182.5	0.760683760684
182.6	0.760683760684
182.7	0.759462759463
182.8	0.760683760684
182.9	0.760683760684
183	0.759462759463
183.1	0.759462759463
183.2	0.761904761905
183.3	0.761904761905
183.4	0.761904761905
183.5	0.760683760684
183.6	0.760683760684
183.7	0.760683760684
183.8	0.760683760684
183.9	0.761904761905
184	0.761904761905
184.1	0.760683760684
184.2	0.761904761905
184.3	0.759462759463
184.4	0.761904761905
184.5	0.759462759463
184.6	0.760683760684
184.7	0.760683760684
184.8	0.761904761905
184.9	0.761904761905
185	0.760683760684
185.1	0.761904761905
185.2	0.761904761905
185.3	0.761904761905
185.4	0.760683760684
185.5	0.761904761905
185.6	0.760683760684
185.7	0.761904761905
185.8	0.760683760684
185.9	0.760683760684
186	0.763125763126
186.1	0.758241758242
186.2	0.761904761905
186.3	0.761904761905
186.4	0.761904761905
186.5	0.761904761905
186.6	0.763125763126
186.7	0.763125763126
186.8	0.761904761905
186.9	0.760683760684
187	0.763125763126
187.1	0.761904761905
187.2	0.763125763126
187.3	0.761904761905
187.4	0.761904761905
187.5	0.761904761905
187.6	0.763125763126
187.7	0.761904761905
187.8	0.761904761905
187.9	0.761904761905
188	0.761904761905
188.1	0.763125763126
188.2	0.761904761905
188.3	0.763125763126
188.4	0.761904761905
188.5	0.763125763126
188.6	0.761904761905
188.7	0.761904761905
188.8	0.761904761905
188.9	0.761904761905
189	0.761904761905
189.1	0.761904761905
189.2	0.763125763126
189.3	0.761904761905
189.4	0.761904761905
189.5	0.761904761905
189.6	0.763125763126
189.7	0.761904761905
189.8	0.763125763126
189.9	0.763125763126
190	0.763125763126
190.1	0.761904761905
190.2	0.761904761905
190.3	0.763125763126
190.4	0.763125763126
190.5	0.763125763126
190.6	0.763125763126
190.7	0.763125763126
190.8	0.763125763126
190.9	0.761904761905
191	0.763125763126
191.1	0.763125763126
191.2	0.761904761905
191.3	0.761904761905
191.4	0.763125763126
191.5	0.764346764347
191.6	0.763125763126
191.7	0.763125763126
191.8	0.763125763126
191.9	0.763125763126
192	0.763125763126
192.1	0.763125763126
192.2	0.764346764347
192.3	0.761904761905
192.4	0.761904761905
192.5	0.763125763126
192.6	0.763125763126
192.7	0.763125763126
192.8	0.764346764347
192.9	0.764346764347
193	0.764346764347
193.1	0.764346764347
193.2	0.763125763126
193.3	0.763125763126
193.4	0.763125763126
193.5	0.764346764347
193.6	0.763125763126
193.7	0.763125763126
193.8	0.764346764347
193.9	0.763125763126
194	0.763125763126
194.1	0.764346764347
194.2	0.764346764347
194.3	0.763125763126
194.4	0.764346764347
194.5	0.764346764347
194.6	0.764346764347
194.7	0.764346764347
194.8	0.764346764347
194.9	0.765567765568
195	0.764346764347
195.1	0.764346764347
195.2	0.764346764347
195.3	0.765567765568
195.4	0.764346764347
195.5	0.764346764347
195.6	0.764346764347
195.7	0.765567765568
195.8	0.764346764347
195.9	0.764346764347
196	0.764346764347
196.1	0.765567765568
196.2	0.764346764347
196.3	0.764346764347
196.4	0.765567765568
196.5	0.764346764347
196.6	0.764346764347
196.7	0.764346764347
196.8	0.765567765568
196.9	0.764346764347
197	0.764346764347
197.1	0.764346764347
197.2	0.764346764347
197.3	0.765567765568
197.4	0.764346764347
197.5	0.764346764347
197.6	0.765567765568
197.7	0.764346764347
197.8	0.765567765568
197.9	0.765567765568
198	0.764346764347
198.1	0.765567765568
198.2	0.764346764347
198.3	0.765567765568
198.4	0.765567765568
198.5	0.764346764347
198.6	0.764346764347
198.7	0.764346764347
198.8	0.764346764347
198.9	0.765567765568
199	0.766788766789
199.1	0.765567765568
199.2	0.764346764347
199.3	0.764346764347
199.4	0.766788766789
199.5	0.765567765568
199.6	0.765567765568
199.7	0.764346764347
199.8	0.765567765568
199.9	0.765567765568
200	0.766788766789
200.1	0.766788766789
200.2	0.765567765568
200.3	0.766788766789
200.4	0.764346764347
200.5	0.765567765568
200.6	0.765567765568
200.7	0.764346764347
200.8	0.765567765568
200.9	0.766788766789
201	0.765567765568
201.1	0.765567765568
201.2	0.766788766789
201.3	0.766788766789
201.4	0.765567765568
201.5	0.766788766789
201.6	0.766788766789
201.7	0.766788766789
201.8	0.765567765568
201.9	0.765567765568
202	0.765567765568
202.1	0.765567765568
202.2	0.765567765568
202.3	0.766788766789
202.4	0.765567765568
202.5	0.766788766789
202.6	0.766788766789
202.7	0.765567765568
202.8	0.766788766789
202.9	0.766788766789
203	0.765567765568
203.1	0.766788766789
203.2	0.765567765568
203.3	0.766788766789
203.4	0.765567765568
203.5	0.766788766789
203.6	0.765567765568
203.7	0.766788766789
203.8	0.766788766789
203.9	0.766788766789
204	0.76800976801
204.1	0.765567765568
204.2	0.764346764347
204.3	0.766788766789
204.4	0.766788766789
204.5	0.766788766789
204.6	0.765567765568
204.7	0.766788766789
204.8	0.76800976801
204.9	0.765567765568
205	0.766788766789
205.1	0.765567765568
205.2	0.766788766789
205.3	0.766788766789
205.4	0.766788766789
205.5	0.766788766789
205.6	0.766788766789
205.7	0.76800976801
205.8	0.766788766789
205.9	0.766788766789
206	0.766788766789
206.1	0.76800976801
206.2	0.766788766789
206.3	0.765567765568
206.4	0.76800976801
206.5	0.76800976801
206.6	0.766788766789
206.7	0.766788766789
206.8	0.766788766789
206.9	0.766788766789
207	0.76800976801
207.1	0.766788766789
207.2	0.766788766789
207.3	0.766788766789
207.4	0.766788766789
207.5	0.766788766789
207.6	0.766788766789
207.7	0.766788766789
207.8	0.76800976801
207.9	0.76800976801
208	0.766788766789
208.1	0.76800976801
208.2	0.76800976801
208.3	0.766788766789
208.4	0.766788766789
208.5	0.766788766789
208.6	0.76800976801
208.7	0.766788766789
208.8	0.766788766789
208.9	0.76800976801
209	0.769230769231
209.1	0.766788766789
209.2	0.76800976801
209.3	0.76800976801
209.4	0.766788766789
209.5	0.766788766789
209.6	0.76800976801
209.7	0.76800976801
209.8	0.76800976801
209.9	0.76800976801
210	0.766788766789
210.1	0.76800976801
210.2	0.76800976801
210.3	0.769230769231
210.4	0.769230769231
210.5	0.76800976801
210.6	0.766788766789
210.7	0.76800976801
210.8	0.76800976801
210.9	0.766788766789
211	0.76800976801
211.1	0.76800976801
211.2	0.769230769231
211.3	0.769230769231
211.4	0.76800976801
211.5	0.769230769231
211.6	0.76800976801
211.7	0.770451770452
211.8	0.76800976801
211.9	0.76800976801
212	0.76800976801
212.1	0.76800976801
212.2	0.76800976801
212.3	0.76800976801
212.4	0.769230769231
212.5	0.769230769231
212.6	0.76800976801
212.7	0.770451770452
212.8	0.76800976801
212.9	0.769230769231
213	0.769230769231
213.1	0.76800976801
213.2	0.76800976801
213.3	0.769230769231
213.4	0.769230769231
213.5	0.766788766789
213.6	0.769230769231
213.7	0.76800976801
213.8	0.769230769231
213.9	0.76800976801
214	0.770451770452
214.1	0.76800976801
214.2	0.769230769231
214.3	0.769230769231
214.4	0.770451770452
214.5	0.76800976801
214.6	0.769230769231
214.7	0.769230769231
214.8	0.769230769231
214.9	0.769230769231
215	0.769230769231
215.1	0.76800976801
215.2	0.769230769231
215.3	0.766788766789
215.4	0.769230769231
215.5	0.769230769231
215.6	0.769230769231
215.7	0.769230769231
215.8	0.769230769231
215.9	0.769230769231
216	0.769230769231
216.1	0.769230769231
216.2	0.769230769231
216.3	0.769230769231
216.4	0.770451770452
216.5	0.769230769231
216.6	0.76800976801
216.7	0.769230769231
216.8	0.770451770452
216.9	0.769230769231
217	0.769230769231
217.1	0.76800976801
217.2	0.769230769231
217.3	0.769230769231
217.4	0.76800976801
217.5	0.76800976801
217.6	0.770451770452
217.7	0.769230769231
217.8	0.769230769231
217.9	0.769230769231
218	0.76800976801
218.1	0.769230769231
218.2	0.769230769231
218.3	0.769230769231
218.4	0.76800976801
218.5	0.769230769231
218.6	0.769230769231
218.7	0.770451770452
218.8	0.769230769231
218.9	0.769230769231
219	0.769230769231
219.1	0.770451770452
219.2	0.769230769231
219.3	0.769230769231
219.4	0.770451770452
219.5	0.770451770452
219.6	0.770451770452
219.7	0.769230769231
219.8	0.770451770452
219.9	0.769230769231
220	0.769230769231
220.1	0.769230769231
220.2	0.76800976801
220.3	0.769230769231
220.4	0.769230769231
220.5	0.769230769231
220.6	0.770451770452
220.7	0.769230769231
220.8	0.770451770452
220.9	0.770451770452
221	0.770451770452
221.1	0.769230769231
221.2	0.770451770452
221.3	0.769230769231
221.4	0.770451770452
221.5	0.770451770452
221.6	0.769230769231
221.7	0.770451770452
221.8	0.770451770452
221.9	0.770451770452
222	0.771672771673
222.1	0.769230769231
222.2	0.769230769231
222.3	0.769230769231
222.4	0.770451770452
222.5	0.771672771673
222.6	0.769230769231
222.7	0.769230769231
222.8	0.771672771673
222.9	0.770451770452
223	0.771672771673
223.1	0.766788766789
223.2	0.771672771673
223.3	0.770451770452
223.4	0.769230769231
223.5	0.771672771673
223.6	0.769230769231
223.7	0.770451770452
223.8	0.770451770452
223.9	0.769230769231
224	0.769230769231
224.1	0.770451770452
224.2	0.770451770452
224.3	0.770451770452
224.4	0.770451770452
224.5	0.770451770452
224.6	0.770451770452
224.7	0.770451770452
224.8	0.771672771673
224.9	0.770451770452
225	0.770451770452
225.1	0.770451770452
225.2	0.769230769231
225.3	0.770451770452
225.4	0.770451770452
225.5	0.769230769231
225.6	0.771672771673
225.7	0.771672771673
225.8	0.770451770452
225.9	0.770451770452
226	0.771672771673
226.1	0.770451770452
226.2	0.771672771673
226.3	0.770451770452
226.4	0.770451770452
226.5	0.771672771673
226.6	0.769230769231
226.7	0.771672771673
226.8	0.770451770452
226.9	0.770451770452
227	0.771672771673
227.1	0.770451770452
227.2	0.769230769231
227.3	0.770451770452
227.4	0.771672771673
227.5	0.771672771673
227.6	0.771672771673
227.7	0.770451770452
227.8	0.770451770452
227.9	0.772893772894
228	0.771672771673
228.1	0.770451770452
228.2	0.771672771673
228.3	0.770451770452
228.4	0.770451770452
228.5	0.771672771673
228.6	0.771672771673
228.7	0.770451770452
228.8	0.771672771673
228.9	0.770451770452
229	0.771672771673
229.1	0.771672771673
229.2	0.772893772894
229.3	0.771672771673
229.4	0.770451770452
229.5	0.772893772894
229.6	0.772893772894
229.7	0.772893772894
229.8	0.770451770452
229.9	0.771672771673
230	0.771672771673
230.1	0.771672771673
230.2	0.772893772894
230.3	0.771672771673
230.4	0.770451770452
230.5	0.771672771673
230.6	0.771672771673
230.7	0.771672771673
230.8	0.771672771673
230.9	0.771672771673
231	0.771672771673
231.1	0.770451770452
231.2	0.771672771673
231.3	0.771672771673
231.4	0.772893772894
231.5	0.770451770452
231.6	0.771672771673
231.7	0.771672771673
231.8	0.771672771673
231.9	0.771672771673
232	0.771672771673
232.1	0.771672771673
232.2	0.770451770452
232.3	0.772893772894
232.4	0.771672771673
232.5	0.772893772894
232.6	0.771672771673
232.7	0.771672771673
232.8	0.771672771673
232.9	0.771672771673
233	0.770451770452
233.1	0.771672771673
233.2	0.771672771673
233.3	0.771672771673
233.4	0.771672771673
233.5	0.771672771673
233.6	0.772893772894
233.7	0.772893772894
233.8	0.771672771673
233.9	0.772893772894
234	0.771672771673
234.1	0.771672771673
234.2	0.771672771673
234.3	0.772893772894
234.4	0.772893772894
234.5	0.772893772894
234.6	0.774114774115
234.7	0.771672771673
234.8	0.772893772894
234.9	0.772893772894
235	0.772893772894
235.1	0.772893772894
235.2	0.771672771673
235.3	0.771672771673
235.4	0.772893772894
235.5	0.772893772894
235.6	0.771672771673
235.7	0.771672771673
235.8	0.771672771673
235.9	0.772893772894
236	0.774114774115
236.1	0.771672771673
236.2	0.772893772894
236.3	0.772893772894
236.4	0.771672771673
236.5	0.772893772894
236.6	0.772893772894
236.7	0.772893772894
236.8	0.771672771673
236.9	0.772893772894
237	0.774114774115
237.1	0.772893772894
237.2	0.774114774115
237.3	0.771672771673
237.4	0.771672771673
237.5	0.774114774115
237.6	0.772893772894
237.7	0.772893772894
237.8	0.772893772894
237.9	0.772893772894
238	0.772893772894
238.1	0.772893772894
238.2	0.772893772894
238.3	0.771672771673
238.4	0.774114774115
238.5	0.772893772894
238.6	0.772893772894
238.7	0.771672771673
238.8	0.772893772894
238.9	0.774114774115
239	0.774114774115
239.1	0.772893772894
239.2	0.774114774115
239.3	0.771672771673
239.4	0.774114774115
239.5	0.772893772894
239.6	0.772893772894
239.7	0.774114774115
239.8	0.772893772894
239.9	0.772893772894
240	0.772893772894
240.1	0.771672771673
240.2	0.772893772894
240.3	0.772893772894
240.4	0.774114774115
240.5	0.772893772894
240.6	0.772893772894
240.7	0.772893772894
240.8	0.772893772894
240.9	0.772893772894
241	0.772893772894
241.1	0.774114774115
241.2	0.772893772894
241.3	0.772893772894
241.4	0.774114774115
241.5	0.772893772894
241.6	0.772893772894
241.7	0.772893772894
241.8	0.772893772894
241.9	0.774114774115
242	0.772893772894
242.1	0.772893772894
242.2	0.771672771673
242.3	0.774114774115
242.4	0.772893772894
242.5	0.772893772894
242.6	0.774114774115
242.7	0.774114774115
242.8	0.772893772894
242.9	0.772893772894
243	0.774114774115
243.1	0.772893772894
243.2	0.772893772894
243.3	0.774114774115
243.4	0.775335775336
243.5	0.774114774115
243.6	0.772893772894
243.7	0.772893772894
243.8	0.774114774115
243.9	0.774114774115
244	0.774114774115
244.1	0.774114774115
244.2	0.772893772894
244.3	0.774114774115
244.4	0.774114774115
244.5	0.772893772894
244.6	0.772893772894
244.7	0.772893772894
244.8	0.774114774115
244.9	0.774114774115
245	0.772893772894
245.1	0.774114774115
245.2	0.774114774115
245.3	0.774114774115
245.4	0.772893772894
245.5	0.774114774115
245.6	0.774114774115
245.7	0.772893772894
245.8	0.774114774115
245.9	0.774114774115
246	0.774114774115
246.1	0.772893772894
246.2	0.772893772894
246.3	0.772893772894
246.4	0.775335775336
246.5	0.774114774115
246.6	0.774114774115
246.7	0.772893772894
246.8	0.774114774115
246.9	0.774114774115
247	0.774114774115
247.1	0.774114774115
247.2	0.774114774115
247.3	0.774114774115
247.4	0.774114774115
247.5	0.774114774115
247.6	0.775335775336
247.7	0.774114774115
247.8	0.774114774115
247.9	0.774114774115
248	0.774114774115
248.1	0.774114774115
248.2	0.774114774115
248.3	0.774114774115
248.4	0.774114774115
248.5	0.774114774115
248.6	0.774114774115
248.7	0.774114774115
248.8	0.775335775336
248.9	0.774114774115
249	0.774114774115
249.1	0.774114774115
249.2	0.774114774115
249.3	0.774114774115
249.4	0.774114774115
249.5	0.774114774115
249.6	0.772893772894
249.7	0.774114774115
249.8	0.774114774115
249.9	0.774114774115
250	0.774114774115
250.1	0.774114774115
250.2	0.774114774115
250.3	0.774114774115
250.4	0.774114774115
250.5	0.774114774115
250.6	0.774114774115
250.7	0.774114774115
250.8	0.774114774115
250.9	0.774114774115
251	0.774114774115
251.1	0.775335775336
251.2	0.774114774115
251.3	0.774114774115
251.4	0.774114774115
251.5	0.774114774115
251.6	0.774114774115
251.7	0.774114774115
251.8	0.775335775336
251.9	0.774114774115
252	0.774114774115
252.1	0.774114774115
252.2	0.774114774115
252.3	0.775335775336
252.4	0.774114774115
252.5	0.774114774115
252.6	0.774114774115
252.7	0.774114774115
252.8	0.775335775336
252.9	0.774114774115
253	0.774114774115
253.1	0.774114774115
253.2	0.775335775336
253.3	0.774114774115
253.4	0.774114774115
253.5	0.774114774115
253.6	0.775335775336
253.7	0.774114774115
253.8	0.775335775336
253.9	0.774114774115
254	0.775335775336
254.1	0.775335775336
254.2	0.774114774115
254.3	0.775335775336
254.4	0.775335775336
254.5	0.774114774115
254.6	0.775335775336
254.7	0.775335775336
254.8	0.774114774115
254.9	0.775335775336
255	0.774114774115
255.1	0.772893772894
255.2	0.775335775336
255.3	0.774114774115
255.4	0.775335775336
255.5	0.774114774115
255.6	0.775335775336
255.7	0.775335775336
255.8	0.775335775336
255.9	0.774114774115
256	0.774114774115
256.1	0.774114774115
256.2	0.775335775336
256.3	0.775335775336
256.4	0.774114774115
256.5	0.774114774115
256.6	0.775335775336
256.7	0.774114774115
256.8	0.774114774115
256.9	0.775335775336
257	0.775335775336
257.1	0.774114774115
257.2	0.774114774115
257.3	0.775335775336
257.4	0.775335775336
257.5	0.775335775336
257.6	0.775335775336
257.7	0.775335775336
257.8	0.775335775336
257.9	0.775335775336
258	0.774114774115
258.1	0.775335775336
258.2	0.774114774115
258.3	0.775335775336
258.4	0.774114774115
258.5	0.775335775336
258.6	0.775335775336
258.7	0.775335775336
258.8	0.775335775336
258.9	0.774114774115
259	0.775335775336
259.1	0.775335775336
259.2	0.775335775336
259.3	0.774114774115
259.4	0.775335775336
259.5	0.775335775336
259.6	0.774114774115
259.7	0.775335775336
259.8	0.775335775336
259.9	0.775335775336
260	0.775335775336
260.1	0.775335775336
260.2	0.775335775336
260.3	0.775335775336
260.4	0.775335775336
260.5	0.776556776557
260.6	0.775335775336
260.7	0.775335775336
260.8	0.775335775336
260.9	0.774114774115
261	0.774114774115
261.1	0.774114774115
261.2	0.775335775336
261.3	0.775335775336
261.4	0.775335775336
261.5	0.774114774115
261.6	0.775335775336
261.7	0.775335775336
261.8	0.775335775336
261.9	0.775335775336
262	0.775335775336
262.1	0.775335775336
262.2	0.774114774115
262.3	0.775335775336
262.4	0.774114774115
262.5	0.775335775336
262.6	0.775335775336
262.7	0.775335775336
262.8	0.774114774115
262.9	0.776556776557
263	0.775335775336
263.1	0.776556776557
263.2	0.775335775336
263.3	0.775335775336
263.4	0.774114774115
263.5	0.776556776557
263.6	0.775335775336
263.7	0.776556776557
263.8	0.774114774115
263.9	0.775335775336
264	0.775335775336
264.1	0.774114774115
264.2	0.775335775336
264.3	0.775335775336
264.4	0.775335775336
264.5	0.775335775336
264.6	0.775335775336
264.7	0.774114774115
264.8	0.776556776557
264.9	0.776556776557
265	0.776556776557
265.1	0.775335775336
265.2	0.776556776557
265.3	0.775335775336
265.4	0.776556776557
265.5	0.776556776557
265.6	0.775335775336
265.7	0.776556776557
265.8	0.776556776557
265.9	0.774114774115
266	0.775335775336
266.1	0.775335775336
266.2	0.775335775336
266.3	0.776556776557
266.4	0.774114774115
266.5	0.774114774115
266.6	0.775335775336
266.7	0.776556776557
266.8	0.775335775336
266.9	0.775335775336
267	0.776556776557
267.1	0.776556776557
267.2	0.775335775336
267.3	0.776556776557
267.4	0.775335775336
267.5	0.774114774115
267.6	0.776556776557
267.7	0.775335775336
267.8	0.776556776557
267.9	0.776556776557
268	0.775335775336
268.1	0.775335775336
268.2	0.776556776557
268.3	0.776556776557
268.4	0.775335775336
268.5	0.776556776557
268.6	0.776556776557
268.7	0.776556776557
268.8	0.775335775336
268.9	0.776556776557
269	0.776556776557
269.1	0.775335775336
269.2	0.775335775336
269.3	0.775335775336
269.4	0.776556776557
269.5	0.775335775336
269.6	0.776556776557
269.7	0.775335775336
269.8	0.776556776557
269.9	0.776556776557
270	0.776556776557
270.1	0.775335775336
270.2	0.774114774115
270.3	0.776556776557
270.4	0.776556776557
270.5	0.776556776557
270.6	0.775335775336
270.7	0.776556776557
270.8	0.776556776557
270.9	0.775335775336
271	0.775335775336
271.1	0.775335775336
271.2	0.776556776557
271.3	0.776556776557
271.4	0.776556776557
271.5	0.775335775336
271.6	0.776556776557
271.7	0.776556776557
271.8	0.776556776557
271.9	0.776556776557
272	0.776556776557
272.1	0.775335775336
272.2	0.776556776557
272.3	0.776556776557
272.4	0.776556776557
272.5	0.776556776557
272.6	0.776556776557
272.7	0.777777777778
272.8	0.776556776557
272.9	0.776556776557
273	0.776556776557
273.1	0.776556776557
273.2	0.775335775336
273.3	0.776556776557
273.4	0.776556776557
273.5	0.775335775336
273.6	0.775335775336
273.7	0.775335775336
273.8	0.776556776557
273.9	0.776556776557
274	0.776556776557
274.1	0.775335775336
274.2	0.775335775336
274.3	0.776556776557
274.4	0.776556776557
274.5	0.776556776557
274.6	0.775335775336
274.7	0.775335775336
274.8	0.776556776557
274.9	0.776556776557
275	0.777777777778
275.1	0.776556776557
275.2	0.777777777778
275.3	0.776556776557
275.4	0.776556776557
275.5	0.775335775336
275.6	0.775335775336
275.7	0.777777777778
275.8	0.776556776557
275.9	0.776556776557
276	0.776556776557
276.1	0.776556776557
276.2	0.776556776557
276.3	0.775335775336
276.4	0.776556776557
276.5	0.776556776557
276.6	0.776556776557
276.7	0.776556776557
276.8	0.776556776557
276.9	0.775335775336
277	0.775335775336
277.1	0.776556776557
277.2	0.776556776557
277.3	0.776556776557
277.4	0.776556776557
277.5	0.776556776557
277.6	0.775335775336
277.7	0.776556776557
277.8	0.777777777778
277.9	0.775335775336
278	0.776556776557
278.1	0.777777777778
278.2	0.776556776557
278.3	0.776556776557
278.4	0.776556776557
278.5	0.776556776557
278.6	0.777777777778
278.7	0.776556776557
278.8	0.775335775336
278.9	0.776556776557
279	0.776556776557
279.1	0.776556776557
279.2	0.776556776557
279.3	0.776556776557
279.4	0.776556776557
279.5	0.777777777778
279.6	0.776556776557
279.7	0.776556776557
279.8	0.776556776557
279.9	0.777777777778
280	0.776556776557
280.1	0.776556776557
280.2	0.775335775336
280.3	0.776556776557
280.4	0.776556776557
280.5	0.776556776557
280.6	0.776556776557
280.7	0.777777777778
280.8	0.777777777778
280.9	0.776556776557
281	0.776556776557
281.1	0.776556776557
281.2	0.776556776557
281.3	0.776556776557
281.4	0.776556776557
281.5	0.776556776557
281.6	0.777777777778
281.7	0.777777777778
281.8	0.778998778999
281.9	0.776556776557
282	0.777777777778
282.1	0.777777777778
282.2	0.776556776557
282.3	0.776556776557
282.4	0.776556776557
282.5	0.776556776557
282.6	0.776556776557
282.7	0.777777777778
282.8	0.777777777778
282.9	0.776556776557
283	0.776556776557
283.1	0.776556776557
283.2	0.777777777778
283.3	0.777777777778
283.4	0.776556776557
283.5	0.776556776557
283.6	0.776556776557
283.7	0.776556776557
283.8	0.777777777778
283.9	0.776556776557
284	0.776556776557
284.1	0.776556776557
284.2	0.777777777778
284.3	0.776556776557
284.4	0.776556776557
284.5	0.777777777778
284.6	0.777777777778
284.7	0.777777777778
284.8	0.777777777778
284.9	0.776556776557
285	0.776556776557
285.1	0.777777777778
285.2	0.777777777778
285.3	0.776556776557
285.4	0.776556776557
285.5	0.777777777778
285.6	0.776556776557
285.7	0.775335775336
285.8	0.776556776557
285.9	0.776556776557
286	0.775335775336
286.1	0.776556776557
286.2	0.776556776557
286.3	0.776556776557
286.4	0.777777777778
286.5	0.777777777778
286.6	0.776556776557
286.7	0.776556776557
286.8	0.776556776557
286.9	0.776556776557
287	0.776556776557
287.1	0.777777777778
287.2	0.776556776557
287.3	0.776556776557
287.4	0.777777777778
287.5	0.777777777778
287.6	0.777777777778
287.7	0.777777777778
287.8	0.777777777778
287.9	0.777777777778
288	0.776556776557
288.1	0.778998778999
288.2	0.777777777778
288.3	0.777777777778
288.4	0.777777777778
288.5	0.777777777778
288.6	0.777777777778
288.7	0.776556776557
288.8	0.776556776557
288.9	0.776556776557
289	0.776556776557
289.1	0.777777777778
289.2	0.777777777778
289.3	0.777777777778
289.4	0.777777777778
289.5	0.777777777778
289.6	0.776556776557
289.7	0.776556776557
289.8	0.776556776557
289.9	0.776556776557
290	0.777777777778
290.1	0.777777777778
290.2	0.777777777778
290.3	0.777777777778
290.4	0.776556776557
290.5	0.776556776557
290.6	0.775335775336
290.7	0.776556776557
290.8	0.776556776557
290.9	0.776556776557
291	0.775335775336
291.1	0.775335775336
291.2	0.776556776557
291.3	0.777777777778
291.4	0.777777777778
291.5	0.777777777778
291.6	0.777777777778
291.7	0.776556776557
291.8	0.776556776557
291.9	0.776556776557
292	0.777777777778
292.1	0.777777777778
292.2	0.776556776557
292.3	0.776556776557
292.4	0.777777777778
292.5	0.776556776557
292.6	0.777777777778
292.7	0.776556776557
292.8	0.776556776557
292.9	0.776556776557
293	0.777777777778
293.1	0.777777777778
293.2	0.776556776557
293.3	0.777777777778
293.4	0.775335775336
293.5	0.776556776557
293.6	0.778998778999
293.7	0.777777777778
293.8	0.776556776557
293.9	0.777777777778
294	0.776556776557
294.1	0.777777777778
294.2	0.777777777778
294.3	0.778998778999
294.4	0.776556776557
294.5	0.777777777778
294.6	0.777777777778
294.7	0.776556776557
294.8	0.776556776557
294.9	0.777777777778
295	0.778998778999
295.1	0.776556776557
295.2	0.777777777778
295.3	0.778998778999
295.4	0.777777777778
295.5	0.777777777778
295.6	0.776556776557
295.7	0.776556776557
295.8	0.777777777778
295.9	0.776556776557
296	0.777777777778
296.1	0.776556776557
296.2	0.777777777778
296.3	0.776556776557
296.4	0.777777777778
296.5	0.777777777778
296.6	0.777777777778
296.7	0.777777777778
296.8	0.777777777778
296.9	0.777777777778
297	0.777777777778
297.1	0.776556776557
297.2	0.777777777778
297.3	0.776556776557
297.4	0.777777777778
297.5	0.777777777778
297.6	0.776556776557
297.7	0.776556776557
297.8	0.777777777778
297.9	0.777777777778
298	0.777777777778
298.1	0.777777777778
298.2	0.777777777778
298.3	0.777777777778
298.4	0.777777777778
298.5	0.777777777778
298.6	0.777777777778
298.7	0.777777777778
298.8	0.777777777778
298.9	0.777777777778
299	0.777777777778
299.1	0.776556776557
299.2	0.777777777778
299.3	0.778998778999
299.4	0.777777777778
299.5	0.776556776557
299.6	0.777777777778
299.7	0.777777777778
299.8	0.777777777778
299.9	0.777777777778
300	0.777777777778
