t	v
0	0.575091575092
0.1	0.575091575092
0.2	0.573870573871
0.3	0.575091575092
0.4	0.575091575092
0.5	0.576312576313
0.6	0.575091575092
0.7	0.575091575092
0.8	0.575091575092
0.9	0.575091575092
1	0.573870573871
1.1	0.576312576313
1.2	0.573870573871
1.3	0.575091575092
1.4	0.573870573871
1.5	0.575091575092
1.6	0.575091575092
1.7	0.575091575092
1.8	0.575091575092
1.9	0.575091575092
2	0.576312576313
2.1	0.573870573871
2.2	0.575091575092
2.3	0.575091575092
2.4	0.575091575092
2.5	0.576312576313
2.6	0.575091575092
2.7	0.575091575092
2.8	0.575091575092
2.9	0.576312576313
3	0.575091575092
3.1	0.573870573871
3.2	0.57264957265
3.3	0.575091575092
3.4	0.576312576313
3.5	0.573870573871
3.6	0.575091575092
3.7	0.575091575092
3.8	0.575091575092
3.9	0.573870573871
4	0.575091575092
4.1	0.575091575092
4.2	0.576312576313
4.3	0.575091575092
4.4	0.575091575092
4.5	0.575091575092
4.6	0.573870573871
4.7	0.575091575092
4.8	0.575091575092
4.9	0.575091575092
5	0.575091575092
5.1	0.575091575092
5.2	0.575091575092
5.3	0.575091575092
5.4	0.573870573871
5.5	0.575091575092
5.6	0.576312576313
5.7	0.575091575092
5.8	0.573870573871
5.9	0.573870573871
6	0.575091575092
6.1	0.576312576313
6.2	0.575091575092
6.3	0.575091575092
6.4	0.576312576313
6.5	0.575091575092
6.6	0.575091575092
6.7	0.575091575092
6.8	0.576312576313
6.9	0.573870573871
7	0.575091575092
7.1	0.575091575092
7.2	0.575091575092
7.3	0.575091575092
7.4	0.576312576313
7.5	0.576312576313
7.6	0.575091575092
7.7	0.575091575092
7.8	0.575091575092
7.9	0.573870573871
8	0.575091575092
8.1	0.576312576313
8.2	0.575091575092
8.3	0.575091575092
8.4	0.575091575092
8.5	0.573870573871
8.6	0.575091575092
8.7	0.575091575092
8.8	0.573870573871
8.9	0.573870573871
9	0.575091575092
9.1	0.575091575092
9.2	0.573870573871
9.3	0.575091575092
9.4	0.573870573871
9.5	0.575091575092
9.6	0.576312576313
9.7	0.575091575092
9.8	0.575091575092
9.9	0.575091575092
10	0.575091575092
10.1	0.575091575092
10.2	0.577533577534
10.3	0.59706959707
10.4	0.625152625153
10.5	0.654456654457
10.6	0.68253968254
10.7	0.717948717949
10.8	0.7557997558
10.9	0.805860805861
11	0.85347985348
11.1	0.899877899878
11.2	0.948717948718
11.3	1.01098901099
11.4	1.08302808303
11.5	1.15262515263
11.6	1.21978021978
11.7	1.28205128205
11.8	1.34188034188
11.9	1.40293040293
12	1.46764346764
12.1	1.53235653236
12.2	1.60195360195
12.3	1.66788766789
12.4	1.73382173382
12.5	1.79365079365
12.6	1.85225885226
12.7	1.90842490842
12.8	1.96336996337
12.9	2.01709401709
13	2.07081807082
13.1	2.12454212454
13.2	2.1746031746
13.3	2.22344322344
13.4	2.27228327228
13.5	2.31623931624
13.6	2.3601953602
13.7	2.40659340659
13.8	2.44566544567
13.9	2.48595848596
14	2.52625152625
14.1	2.56288156288
14.2	2.60317460317
14.3	2.64224664225
14.4	2.68253968254
14.5	2.72283272283
14.6	2.75946275946
14.7	2.79975579976
14.8	2.83394383394
14.9	2.86935286935
15	2.90231990232
15.1	2.93528693529
15.2	2.96581196581
15.3	2.99755799756
15.4	3.02564102564
15.5	3.05738705739
15.6	3.09645909646
15.7	3.14041514042
15.8	3.18437118437
15.9	3.22832722833
16	3.26495726496
16.1	3.30769230769
16.2	3.34798534799
16.3	3.38339438339
16.4	3.42368742369
16.5	3.4590964591
16.6	3.49450549451
16.7	3.52747252747
16.8	3.56166056166
16.9	3.59218559219
17	3.62881562882
17.1	3.65445665446
17.2	3.68742368742
17.3	3.71550671551
17.4	3.74236874237
17.5	3.75213675214
17.6	3.75702075702
17.7	3.75946275946
17.8	3.76312576313
17.9	3.76434676435
18	3.76800976801
18.1	3.77045177045
18.2	3.77167277167
18.3	3.77533577534
18.4	3.77655677656
18.5	3.778998779
18.6	3.78266178266
18.7	3.78144078144
18.8	3.78388278388
18.9	3.78632478632
19	3.78632478632
19.1	3.79120879121
19.2	3.79120879121
19.3	3.79365079365
19.4	3.79365079365
19.5	3.79609279609
19.6	3.79609279609
19.7	3.79609279609
19.8	3.79975579976
19.9	3.79975579976
20	3.8021978022
20.1	3.80463980464
20.2	3.80341880342
20.3	3.80952380952
20.4	3.81196581197
20.5	3.81807081807
20.6	3.82661782662
20.7	3.83760683761
20.8	3.85103785104
20.9	3.86080586081
21	3.87301587302
21.1	3.884004884
21.2	3.89377289377
21.3	3.90231990232
21.4	3.91330891331
21.5	3.92307692308
21.6	3.93406593407
21.7	3.94383394383
21.8	3.95238095238
21.9	3.96214896215
22	3.96703296703
22.1	3.97802197802
22.2	3.98656898657
22.3	3.99511599512
22.4	4.00244200244
22.5	4.01098901099
22.6	4.01709401709
22.7	4.02442002442
22.8	4.0293040293
22.9	4.02686202686
23	4.01709401709
23.1	4.00610500611
23.2	3.99389499389
23.3	3.98534798535
23.4	3.97191697192
23.5	3.95604395604
23.6	3.94383394383
23.7	3.93162393162
23.8	3.91208791209
23.9	3.89621489621
24	3.8778998779
24.1	3.85958485958
24.2	3.84371184371
24.3	3.82417582418
24.4	3.80708180708
24.5	3.78998778999
24.6	3.77411477411
24.7	3.75335775336
24.8	3.73870573871
24.9	3.72283272283
25	3.70451770452
25.1	3.68864468864
25.2	3.67277167277
25.3	3.6568986569
25.4	3.64102564103
25.5	3.62393162393
25.6	3.60805860806
25.7	3.59462759463
25.8	3.57753357753
25.9	3.56166056166
26	3.54578754579
26.1	3.53235653236
26.2	3.51648351648
26.3	3.50183150183
26.4	3.48717948718
26.5	3.47130647131
26.6	3.46031746032
26.7	3.44444444444
26.8	3.43101343101
26.9	3.41514041514
27	3.40170940171
27.1	3.38583638584
27.2	3.37240537241
27.3	3.36263736264
27.4	3.34554334554
27.5	3.33455433455
27.6	3.32112332112
27.7	3.30647130647
27.8	3.29304029304
27.9	3.28205128205
28	3.26862026862
28.1	3.25396825397
28.2	3.24175824176
28.3	3.22832722833
28.4	3.21733821734
28.5	3.20634920635
28.6	3.19413919414
28.7	3.17948717949
28.8	3.1684981685
28.9	3.15506715507
29	3.14285714286
29.1	3.13064713065
29.2	3.12087912088
29.3	3.10866910867
29.4	3.09645909646
29.5	3.08547008547
29.6	3.07326007326
29.7	3.06227106227
29.8	3.04884004884
29.9	3.04029304029
30	3.02808302808
30.1	3.01587301587
30.2	3.00610500611
30.3	2.99511599512
30.4	2.98412698413
30.5	2.97313797314
30.6	2.96336996337
30.7	2.95238095238
30.8	2.94261294261
30.9	2.93162393162
31	2.92063492063
31.1	2.90964590965
31.2	2.89987789988
31.3	2.88766788767
31.4	2.87912087912
31.5	2.86935286935
31.6	2.85836385836
31.7	2.8485958486
31.8	2.84004884005
31.9	2.82905982906
32	2.82051282051
32.1	2.80952380952
32.2	2.79975579976
32.3	2.79120879121
32.4	2.78021978022
32.5	2.76923076923
32.6	2.7619047619
32.7	2.75213675214
32.8	2.74236874237
32.9	2.7326007326
33	2.72405372405
33.1	2.71306471306
33.2	2.70695970696
33.3	2.69719169719
33.4	2.68742368742
33.5	2.67887667888
33.6	2.67032967033
33.7	2.66178266178
33.8	2.65201465201
33.9	2.64468864469
34	2.63492063492
34.1	2.62881562882
34.2	2.61660561661
34.3	2.60805860806
34.4	2.60195360195
34.5	2.59218559219
34.6	2.58363858364
34.7	2.57509157509
34.8	2.56654456654
34.9	2.55921855922
35	2.55067155067
35.1	2.54212454212
35.2	2.53357753358
35.3	2.52625152625
35.4	2.5177045177
35.5	2.51037851038
35.6	2.50305250305
35.7	2.49328449328
35.8	2.48351648352
35.9	2.47619047619
36	2.47130647131
36.1	2.46031746032
36.2	2.45299145299
36.3	2.44688644689
36.4	2.43956043956
36.5	2.43223443223
36.6	2.42490842491
36.7	2.41636141636
36.8	2.41025641026
36.9	2.40170940171
37	2.3956043956
37.1	2.38705738706
37.2	2.37973137973
37.3	2.37362637363
37.4	2.36507936508
37.5	2.35775335775
37.6	2.35164835165
37.7	2.3431013431
37.8	2.33577533578
37.9	2.32722832723
38	2.32234432234
38.1	2.31623931624
38.2	2.30769230769
38.3	2.30280830281
38.4	2.29426129426
38.5	2.28693528694
38.6	2.28083028083
38.7	2.27472527473
38.8	2.26617826618
38.9	2.26007326007
39	2.25396825397
39.1	2.24664224664
39.2	2.24175824176
39.3	2.23321123321
39.4	2.22710622711
39.5	2.221001221
39.6	2.21611721612
39.7	2.20879120879
39.8	2.20146520147
39.9	2.19536019536
40	2.18925518926
40.1	2.18192918193
40.2	2.17582417582
40.3	2.1684981685
40.4	2.16239316239
40.5	2.15628815629
40.6	2.15018315018
40.7	2.14407814408
40.8	2.13797313797
40.9	2.13308913309
41	2.12576312576
41.1	2.11965811966
41.2	2.11477411477
41.3	2.10744810745
41.4	2.10134310134
41.5	2.09523809524
41.6	2.09035409035
41.7	2.08302808303
41.8	2.07814407814
41.9	2.07203907204
42	2.06715506716
42.1	2.05982905983
42.2	2.05616605617
42.3	2.04884004884
42.4	2.04273504274
42.5	2.03907203907
42.6	2.03296703297
42.7	2.02564102564
42.8	2.02197802198
42.9	2.01465201465
43	2.00976800977
43.1	2.00366300366
43.2	1.99877899878
43.3	1.99389499389
43.4	1.98778998779
43.5	1.98046398046
43.6	1.97557997558
43.7	1.9706959707
43.8	1.96581196581
43.9	1.95970695971
44	1.95482295482
44.1	1.94871794872
44.2	1.94261294261
44.3	1.93894993895
44.4	1.93406593407
44.5	1.92918192918
44.6	1.92307692308
44.7	1.91941391941
44.8	1.91208791209
44.9	1.90964590965
45	1.90231990232
45.1	1.89743589744
45.2	1.89133089133
45.3	1.88766788767
45.4	1.88034188034
45.5	1.87667887668
45.6	1.87179487179
45.7	1.86691086691
45.8	1.86202686203
45.9	1.85714285714
46	1.85225885226
46.1	1.8485958486
46.2	1.84126984127
46.3	1.83638583639
46.4	1.8315018315
46.5	1.82783882784
46.6	1.82295482295
46.7	1.81807081807
46.8	1.81196581197
46.9	1.80708180708
47	1.80341880342
47.1	1.79853479853
47.2	1.79487179487
47.3	1.78876678877
47.4	1.78388278388
47.5	1.78144078144
47.6	1.77533577534
47.7	1.77167277167
47.8	1.76678876679
47.9	1.7619047619
48	1.75824175824
48.1	1.75213675214
48.2	1.74847374847
48.3	1.74358974359
48.4	1.73748473748
48.5	1.73626373626
48.6	1.73137973138
48.7	1.7264957265
48.8	1.72283272283
48.9	1.71672771673
49	1.71184371184
49.1	1.7094017094
49.2	1.7032967033
49.3	1.69841269841
49.4	1.69597069597
49.5	1.69230769231
49.6	1.6862026862
49.7	1.68376068376
49.8	1.67765567766
49.9	1.67277167277
50	1.67032967033
50.1	1.66544566545
50.2	1.66056166056
50.3	1.65811965812
50.4	1.65323565324
50.5	1.64835164835
50.6	1.64590964591
50.7	1.64102564103
50.8	1.63614163614
50.9	1.63247863248
51	1.62759462759
51.1	1.62393162393
51.2	1.62148962149
51.3	1.61660561661
51.4	1.61172161172
51.5	1.60927960928
51.6	1.6043956044
51.7	1.60073260073
51.8	1.59584859585
51.9	1.59340659341
52	1.58852258852
52.1	1.58485958486
52.2	1.57997557998
52.3	1.57875457875
52.4	1.57264957265
52.5	1.56898656899
52.6	1.56532356532
52.7	1.5641025641
52.8	1.55677655678
52.9	1.55555555556
53	1.54822954823
53.1	1.54700854701
53.2	1.54334554335
53.3	1.53968253968
53.4	1.5347985348
53.5	1.53113553114
53.6	1.52747252747
53.7	1.52380952381
53.8	1.52014652015
53.9	1.5177045177
54	1.51404151404
54.1	1.50915750916
54.2	1.50793650794
54.3	1.50305250305
54.4	1.49938949939
54.5	1.49694749695
54.6	1.49206349206
54.7	1.48962148962
54.8	1.48473748474
54.9	1.48107448107
55	1.47741147741
55.1	1.47374847375
55.2	1.47008547009
55.3	1.46642246642
55.4	1.4652014652
55.5	1.46153846154
55.6	1.45665445665
55.7	1.45421245421
55.8	1.45054945055
55.9	1.44810744811
56	1.44322344322
56.1	1.43956043956
56.2	1.43711843712
56.3	1.43345543346
56.4	1.42857142857
56.5	1.42735042735
56.6	1.42368742369
56.7	1.42002442002
56.8	1.41758241758
56.9	1.41391941392
57	1.41025641026
57.1	1.40781440781
57.2	1.40415140415
57.3	1.40048840049
57.4	1.39682539683
57.5	1.3956043956
57.6	1.39072039072
57.7	1.3894993895
57.8	1.38461538462
57.9	1.38217338217
58	1.37973137973
58.1	1.37484737485
58.2	1.37240537241
58.3	1.36874236874
58.4	1.36752136752
58.5	1.36263736264
58.6	1.3601953602
58.7	1.35653235653
58.8	1.35286935287
58.9	1.35042735043
59	1.34920634921
59.1	1.34554334554
59.2	1.34065934066
59.3	1.33943833944
59.4	1.33577533578
59.5	1.33211233211
59.6	1.32967032967
59.7	1.32600732601
59.8	1.32356532357
59.9	1.32112332112
60	1.31868131868
60.1	1.31501831502
60.2	1.31257631258
60.3	1.31013431013
60.4	1.30525030525
60.5	1.30280830281
60.6	1.30036630037
60.7	1.29914529915
60.8	1.29548229548
60.9	1.29181929182
61	1.2905982906
61.1	1.28571428571
61.2	1.28449328449
61.3	1.28083028083
61.4	1.27838827839
61.5	1.27716727717
61.6	1.27106227106
61.7	1.27106227106
61.8	1.26617826618
61.9	1.26373626374
62	1.26129426129
62.1	1.25885225885
62.2	1.25763125763
62.3	1.25396825397
62.4	1.25274725275
62.5	1.24786324786
62.6	1.24542124542
62.7	1.24297924298
62.8	1.24053724054
62.9	1.23687423687
63	1.23443223443
63.1	1.23199023199
63.2	1.22954822955
63.3	1.22710622711
63.4	1.22344322344
63.5	1.22222222222
63.6	1.221001221
63.7	1.21611721612
63.8	1.21367521368
63.9	1.21245421245
64	1.20879120879
64.1	1.20634920635
64.2	1.20268620269
64.3	1.20268620269
64.4	1.19902319902
64.5	1.19658119658
64.6	1.19413919414
64.7	1.1916971917
64.8	1.18925518926
64.9	1.18437118437
65	1.18437118437
65.1	1.18192918193
65.2	1.17948717949
65.3	1.17704517705
65.4	1.1746031746
65.5	1.17094017094
65.6	1.16971916972
65.7	1.1684981685
65.8	1.16361416361
65.9	1.16239316239
66	1.15995115995
66.1	1.15750915751
66.2	1.15506715507
66.3	1.15384615385
66.4	1.1514041514
66.5	1.14896214896
66.6	1.14652014652
66.7	1.14407814408
66.8	1.14163614164
66.9	1.13919413919
67	1.13553113553
67.1	1.13431013431
67.2	1.13308913309
67.3	1.13064713065
67.4	1.12820512821
67.5	1.12576312576
67.6	1.12332112332
67.7	1.1221001221
67.8	1.11965811966
67.9	1.11843711844
68	1.11477411477
68.1	1.11111111111
68.2	1.11111111111
68.3	1.10866910867
68.4	1.10622710623
68.5	1.10378510379
68.6	1.10134310134
68.7	1.10012210012
68.8	1.09645909646
68.9	1.09523809524
69	1.09401709402
69.1	1.09035409035
69.2	1.08791208791
69.3	1.08669108669
69.4	1.08424908425
69.5	1.08180708181
69.6	1.08058608059
69.7	1.07814407814
69.8	1.07692307692
69.9	1.07326007326
70	1.07081807082
70.1	1.0695970696
70.2	1.06715506716
70.3	1.06593406593
70.4	1.06471306471
70.5	1.06227106227
70.6	1.05982905983
70.7	1.05738705739
70.8	1.05616605617
70.9	1.05494505495
71	1.05128205128
71.1	1.05006105006
71.2	1.04884004884
71.3	1.04517704518
71.4	1.04517704518
71.5	1.04151404151
71.6	1.04029304029
71.7	1.03785103785
71.8	1.03663003663
71.9	1.03540903541
72	1.03174603175
72.1	1.03174603175
72.2	1.02808302808
72.3	1.02808302808
72.4	1.02564102564
72.5	1.0231990232
72.6	1.02197802198
72.7	1.01953601954
72.8	1.01831501832
72.9	1.01709401709
73	1.01343101343
73.1	1.01221001221
73.2	1.00976800977
73.3	1.00732600733
73.4	1.00732600733
73.5	1.00488400488
73.6	1.00366300366
73.7	1.00122100122
73.8	0.998778998779
73.9	0.998778998779
74	0.996336996337
74.1	0.993894993895
74.2	0.992673992674
74.3	0.991452991453
74.4	0.989010989011
74.5	0.986568986569
74.6	0.985347985348
74.7	0.984126984127
74.8	0.981684981685
74.9	0.980463980464
75	0.979242979243
75.1	0.976800976801
75.2	0.97557997558
75.3	0.973137973138
75.4	0.971916971917
75.5	0.970695970696
75.6	0.968253968254
75.7	0.967032967033
75.8	0.964590964591
75.9	0.964590964591
76	0.962148962149
76.1	0.959706959707
76.2	0.959706959707
76.3	0.957264957265
76.4	0.956043956044
76.5	0.953601953602
76.6	0.95115995116
76.7	0.95115995116
76.8	0.949938949939
76.9	0.947496947497
77	0.946275946276
77.1	0.943833943834
77.2	0.942612942613
77.3	0.942612942613
77.4	0.940170940171
77.5	0.937728937729
77.6	0.935286935287
77.7	0.935286935287
77.8	0.932844932845
77.9	0.931623931624
78	0.930402930403
78.1	0.927960927961
78.2	0.92673992674
78.3	0.925518925519
78.4	0.924297924298
78.5	0.923076923077
78.6	0.920634920635
78.7	0.919413919414
78.8	0.918192918193
78.9	0.915750915751
79	0.91452991453
79.1	0.913308913309
79.2	0.912087912088
79.3	0.910866910867
79.4	0.908424908425
79.5	0.908424908425
79.6	0.905982905983
79.7	0.904761904762
79.8	0.904761904762
79.9	0.903540903541
80	0.901098901099
80.1	0.901098901099
80.2	0.898656898657
80.3	0.896214896215
80.4	0.896214896215
80.5	0.893772893773
80.6	0.892551892552
80.7	0.891330891331
80.8	0.89010989011
80.9	0.888888888889
81	0.886446886447
81.1	0.886446886447
81.2	0.884004884005
81.3	0.882783882784
81.4	0.880341880342
81.5	0.881562881563
81.6	0.880341880342
81.7	0.8778998779
81.8	0.875457875458
81.9	0.875457875458
82	0.873015873016
82.1	0.871794871795
82.2	0.871794871795
82.3	0.870573870574
82.4	0.868131868132
82.5	0.868131868132
82.6	0.86568986569
82.7	0.864468864469
82.8	0.863247863248
82.9	0.863247863248
83	0.862026862027
83.1	0.858363858364
83.2	0.858363858364
83.3	0.857142857143
83.4	0.854700854701
83.5	0.854700854701
83.6	0.85347985348
83.7	0.852258852259
83.8	0.851037851038
83.9	0.849816849817
84	0.849816849817
84.1	0.847374847375
84.2	0.846153846154
84.3	0.846153846154
84.4	0.843711843712
84.5	0.842490842491
84.6	0.842490842491
84.7	0.838827838828
84.8	0.838827838828
84.9	0.837606837607
85	0.836385836386
85.1	0.835164835165
85.2	0.833943833944
85.3	0.832722832723
85.4	0.831501831502
85.5	0.831501831502
85.6	0.82905982906
85.7	0.82905982906
85.8	0.826617826618
85.9	0.826617826618
86	0.825396825397
86.1	0.822954822955
86.2	0.822954822955
86.3	0.821733821734
86.4	0.822954822955
86.5	0.819291819292
86.6	0.820512820513
86.7	0.818070818071
86.8	0.815628815629
86.9	0.815628815629
87	0.814407814408
87.1	0.813186813187
87.2	0.811965811966
87.3	0.810744810745
87.4	0.809523809524
87.5	0.809523809524
87.6	0.808302808303
87.7	0.807081807082
87.8	0.807081807082
87.9	0.80463980464
88	0.80463980464
88.1	0.803418803419
88.2	0.803418803419
88.3	0.800976800977
88.4	0.799755799756
88.5	0.799755799756
88.6	0.797313797314
88.7	0.797313797314
88.8	0.796092796093
88.9	0.796092796093
89	0.793650793651
89.1	0.79242979243
89.2	0.793650793651
89.3	0.791208791209
89.4	0.791208791209
89.5	0.789987789988
89.6	0.789987789988
89.7	0.788766788767
89.8	0.787545787546
89.9	0.786324786325
90	0.785103785104
90.1	0.783882783883
90.2	0.782661782662
90.3	0.781440781441
90.4	0.781440781441
90.5	0.78021978022
90.6	0.778998778999
90.7	0.777777777778
90.8	0.776556776557
90.9	0.775335775336
91	0.775335775336
91.1	0.775335775336
91.2	0.772893772894
91.3	0.771672771673
91.4	0.771672771673
91.5	0.771672771673
91.6	0.769230769231
91.7	0.769230769231
91.8	0.769230769231
91.9	0.76800976801
92	0.766788766789
92.1	0.766788766789
92.2	0.765567765568
92.3	0.765567765568
92.4	0.763125763126
92.5	0.763125763126
92.6	0.761904761905
92.7	0.761904761905
92.8	0.759462759463
92.9	0.758241758242
93	0.758241758242
93.1	0.758241758242
93.2	0.757020757021
93.3	0.7557997558
93.4	0.754578754579
93.5	0.753357753358
93.6	0.753357753358
93.7	0.752136752137
93.8	0.750915750916
93.9	0.750915750916
94	0.749694749695
94.1	0.749694749695
94.2	0.748473748474
94.3	0.747252747253
94.4	0.748473748474
94.5	0.747252747253
94.6	0.747252747253
94.7	0.744810744811
94.8	0.74358974359
94.9	0.744810744811
95	0.74358974359
95.1	0.742368742369
95.2	0.742368742369
95.3	0.739926739927
95.4	0.739926739927
95.5	0.738705738706
95.6	0.737484737485
95.7	0.737484737485
95.8	0.736263736264
95.9	0.735042735043
96	0.733821733822
96.1	0.732600732601
96.2	0.733821733822
96.3	0.732600732601
96.4	0.732600732601
96.5	0.73137973138
96.6	0.73137973138
96.7	0.730158730159
96.8	0.730158730159
96.9	0.728937728938
97	0.728937728938
97.1	0.727716727717
97.2	0.726495726496
97.3	0.725274725275
97.4	0.725274725275
97.5	0.726495726496
97.6	0.722832722833
97.7	0.724053724054
97.8	0.722832722833
97.9	0.722832722833
98	0.722832722833
98.1	0.720390720391
98.2	0.71916971917
98.3	0.71916971917
98.4	0.71916971917
98.5	0.716727716728
98.6	0.717948717949
98.7	0.716727716728
98.8	0.715506715507
98.9	0.715506715507
99	0.715506715507
99.1	0.714285714286
99.2	0.713064713065
99.3	0.713064713065
99.4	0.713064713065
99.5	0.713064713065
99.6	0.711843711844
99.7	0.710622710623
99.8	0.710622710623
99.9	0.710622710623
100	0.709401709402
100.1	0.709401709402
100.2	0.708180708181
100.3	0.70695970696
100.4	0.70695970696
100.5	0.705738705739
100.6	0.705738705739
100.7	0.705738705739
100.8	0.704517704518
100.9	0.704517704518
101	0.703296703297
101.1	0.704517704518
101.2	0.702075702076
101.3	0.700854700855
101.4	0.700854700855
101.5	0.699633699634
101.6	0.698412698413
101.7	0.699633699634
101.8	0.698412698413
101.9	0.698412698413
102	0.697191697192
102.1	0.695970695971
102.2	0.695970695971
102.3	0.695970695971
102.4	0.695970695971
102.5	0.69474969475
102.6	0.69474969475
102.7	0.693528693529
102.8	0.693528693529
102.9	0.692307692308
103	0.692307692308
103.1	0.691086691087
103.2	0.691086691087
103.3	0.689865689866
103.4	0.689865689866
103.5	0.689865689866
103.6	0.689865689866
103.7	0.688644688645
103.8	0.688644688645
103.9	0.687423687424
104	0.687423687424
104.1	0.686202686203
104.2	0.684981684982
104.3	0.686202686203
104.4	0.686202686203
104.5	0.683760683761
104.6	0.683760683761
104.7	0.684981684982
104.8	0.683760683761
104.9	0.68253968254
105	0.681318681319
105.1	0.681318681319
105.2	0.681318681319
105.3	0.681318681319
105.4	0.678876678877
105.5	0.680097680098
105.6	0.678876678877
105.7	0.678876678877
105.8	0.678876678877
105.9	0.677655677656
106	0.677655677656
106.1	0.676434676435
106.2	0.676434676435
106.3	0.676434676435
106.4	0.676434676435
106.5	0.676434676435
106.6	0.675213675214
106.7	0.675213675214
106.8	0.673992673993
106.9	0.673992673993
107	0.673992673993
107.1	0.672771672772
107.2	0.672771672772
107.3	0.671550671551
107.4	0.671550671551
107.5	0.671550671551
107.6	0.671550671551
107.7	0.669108669109
107.8	0.67032967033
107.9	0.669108669109
108	0.669108669109
108.1	0.669108669109
108.2	0.669108669109
108.3	0.667887667888
108.4	0.666666666667
108.5	0.667887667888
108.6	0.667887667888
108.7	0.666666666667
108.8	0.666666666667
108.9	0.666666666667
109	0.664224664225
109.1	0.665445665446
109.2	0.664224664225
109.3	0.664224664225
109.4	0.663003663004
109.5	0.664224664225
109.6	0.661782661783
109.7	0.661782661783
109.8	0.660561660562
109.9	0.661782661783
110	0.660561660562
110.1	0.661782661783
110.2	0.660561660562
110.3	0.660561660562
110.4	0.661782661783
110.5	0.659340659341
110.6	0.659340659341
110.7	0.659340659341
110.8	0.65811965812
110.9	0.659340659341
111	0.656898656899
111.1	0.656898656899
111.2	0.656898656899
111.3	0.656898656899
111.4	0.656898656899
111.5	0.656898656899
111.6	0.655677655678
111.7	0.654456654457
111.8	0.655677655678
111.9	0.655677655678
112	0.653235653236
112.1	0.654456654457
112.2	0.654456654457
112.3	0.653235653236
112.4	0.653235653236
112.5	0.652014652015
112.6	0.653235653236
112.7	0.652014652015
112.8	0.652014652015
112.9	0.652014652015
113	0.650793650794
113.1	0.650793650794
113.2	0.650793650794
113.3	0.649572649573
113.4	0.650793650794
113.5	0.649572649573
113.6	0.649572649573
113.7	0.648351648352
113.8	0.647130647131
113.9	0.649572649573
114	0.648351648352
114.1	0.648351648352
114.2	0.648351648352
114.3	0.647130647131
114.4	0.64590964591
114.5	0.647130647131
114.6	0.647130647131
114.7	0.64590964591
114.8	0.647130647131
114.9	0.644688644689
115	0.643467643468
115.1	0.64590964591
115.2	0.644688644689
115.3	0.64590964591
115.4	0.64590964591
115.5	0.643467643468
115.6	0.644688644689
115.7	0.642246642247
115.8	0.642246642247
115.9	0.642246642247
116	0.642246642247
116.1	0.643467643468
116.2	0.642246642247
116.3	0.642246642247
116.4	0.642246642247
116.5	0.641025641026
116.6	0.642246642247
116.7	0.641025641026
116.8	0.641025641026
116.9	0.639804639805
117	0.641025641026
117.1	0.638583638584
117.2	0.639804639805
117.3	0.639804639805
117.4	0.638583638584
117.5	0.638583638584
117.6	0.637362637363
117.7	0.637362637363
117.8	0.638583638584
117.9	0.637362637363
118	0.637362637363
118.1	0.637362637363
118.2	0.637362637363
118.3	0.636141636142
118.4	0.636141636142
118.5	0.636141636142
118.6	0.634920634921
118.7	0.636141636142
118.8	0.634920634921
118.9	0.634920634921
119	0.634920634921
119.1	0.634920634921
119.2	0.634920634921
119.3	0.634920634921
119.4	0.634920634921
119.5	0.6336996337
119.6	0.632478632479
119.7	0.6336996337
119.8	0.6336996337
119.9	0.632478632479
120	0.632478632479
120.1	0.632478632479
120.2	0.631257631258
120.3	0.631257631258
120.4	0.632478632479
120.5	0.632478632479
120.6	0.631257631258
120.7	0.631257631258
120.8	0.631257631258
120.9	0.630036630037
121	0.630036630037
121.1	0.631257631258
121.2	0.631257631258
121.3	0.630036630037
121.4	0.628815628816
121.5	0.630036630037
121.6	0.630036630037
121.7	0.628815628816
121.8	0.630036630037
121.9	0.630036630037
122	0.627594627595
122.1	0.627594627595
122.2	0.627594627595
122.3	0.626373626374
122.4	0.627594627595
122.5	0.627594627595
122.6	0.627594627595
122.7	0.627594627595
122.8	0.626373626374
122.9	0.627594627595
123	0.626373626374
123.1	0.626373626374
123.2	0.626373626374
123.3	0.625152625153
123.4	0.626373626374
123.5	0.626373626374
123.6	0.626373626374
123.7	0.625152625153
123.8	0.625152625153
123.9	0.625152625153
124	0.625152625153
124.1	0.625152625153
124.2	0.625152625153
124.3	0.625152625153
124.4	0.625152625153
124.5	0.625152625153
124.6	0.625152625153
124.7	0.625152625153
124.8	0.622710622711
124.9	0.625152625153
125	0.625152625153
125.1	0.622710622711
125.2	0.622710622711
125.3	0.62148962149
125.4	0.62148962149
125.5	0.62148962149
125.6	0.62148962149
125.7	0.62148962149
125.8	0.620268620269
125.9	0.620268620269
126	0.620268620269
126.1	0.620268620269
126.2	0.620268620269
126.3	0.62148962149
126.4	0.619047619048
126.5	0.620268620269
126.6	0.620268620269
126.7	0.620268620269
126.8	0.620268620269
126.9	0.619047619048
127	0.619047619048
127.1	0.619047619048
127.2	0.620268620269
127.3	0.616605616606
127.4	0.617826617827
127.5	0.617826617827
127.6	0.619047619048
127.7	0.617826617827
127.8	0.619047619048
127.9	0.617826617827
128	0.617826617827
128.1	0.616605616606
128.2	0.617826617827
128.3	0.616605616606
128.4	0.616605616606
128.5	0.617826617827
128.6	0.615384615385
128.7	0.616605616606
128.8	0.615384615385
128.9	0.616605616606
129	0.616605616606
129.1	0.615384615385
129.2	0.616605616606
129.3	0.616605616606
129.4	0.616605616606
129.5	0.616605616606
129.6	0.615384615385
129.7	0.615384615385
129.8	0.616605616606
129.9	0.615384615385
130	0.615384615385
130.1	0.614163614164
130.2	0.615384615385
130.3	0.614163614164
130.4	0.614163614164
130.5	0.614163614164
130.6	0.614163614164
130.7	0.614163614164
130.8	0.612942612943
130.9	0.614163614164
131	0.614163614164
131.1	0.614163614164
131.2	0.612942612943
131.3	0.612942612943
131.4	0.612942612943
131.5	0.612942612943
131.6	0.611721611722
131.7	0.612942612943
131.8	0.612942612943
131.9	0.612942612943
132	0.612942612943
132.1	0.611721611722
132.2	0.611721611722
132.3	0.611721611722
132.4	0.611721611722
132.5	0.611721611722
132.6	0.611721611722
132.7	0.611721611722
132.8	0.611721611722
132.9	0.611721611722
133	0.611721611722
133.1	0.611721611722
133.2	0.611721611722
133.3	0.610500610501
133.4	0.610500610501
133.5	0.610500610501
133.6	0.610500610501
133.7	0.611721611722
133.8	0.610500610501
133.9	0.611721611722
134	0.610500610501
134.1	0.60927960928
134.2	0.610500610501
134.3	0.610500610501
134.4	0.610500610501
134.5	0.610500610501
134.6	0.60927960928
134.7	0.60927960928
134.8	0.608058608059
134.9	0.608058608059
135	0.610500610501
135.1	0.608058608059
135.2	0.608058608059
135.3	0.610500610501
135.4	0.60927960928
135.5	0.60927960928
135.6	0.60927960928
135.7	0.608058608059
135.8	0.608058608059
135.9	0.60927960928
136	0.608058608059
136.1	0.60927960928
136.2	0.608058608059
136.3	0.608058608059
136.4	0.608058608059
136.5	0.608058608059
136.6	0.608058608059
136.7	0.608058608059
136.8	0.608058608059
136.9	0.608058608059
137	0.606837606838
137.1	0.606837606838
137.2	0.606837606838
137.3	0.606837606838
137.4	0.60927960928
137.5	0.606837606838
137.6	0.608058608059
137.7	0.608058608059
137.8	0.605616605617
137.9	0.606837606838
138	0.605616605617
138.1	0.605616605617
138.2	0.605616605617
138.3	0.606837606838
138.4	0.606837606838
138.5	0.605616605617
138.6	0.608058608059
138.7	0.605616605617
138.8	0.606837606838
138.9	0.606837606838
139	0.605616605617
139.1	0.606837606838
139.2	0.605616605617
139.3	0.604395604396
139.4	0.605616605617
139.5	0.605616605617
139.6	0.605616605617
139.7	0.605616605617
139.8	0.603174603175
139.9	0.604395604396
140	0.605616605617
140.1	0.603174603175
140.2	0.605616605617
140.3	0.605616605617
140.4	0.604395604396
140.5	0.603174603175
140.6	0.604395604396
140.7	0.605616605617
140.8	0.604395604396
140.9	0.603174603175
141	0.603174603175
141.1	0.603174603175
141.2	0.603174603175
141.3	0.601953601954
141.4	0.603174603175
141.5	0.603174603175
141.6	0.603174603175
141.7	0.603174603175
141.8	0.603174603175
141.9	0.600732600733
142	0.603174603175
142.1	0.604395604396
142.2	0.603174603175
142.3	0.603174603175
142.4	0.603174603175
142.5	0.600732600733
142.6	0.601953601954
142.7	0.601953601954
142.8	0.601953601954
142.9	0.603174603175
143	0.603174603175
143.1	0.601953601954
143.2	0.601953601954
143.3	0.600732600733
143.4	0.600732600733
143.5	0.601953601954
143.6	0.600732600733
143.7	0.601953601954
143.8	0.601953601954
143.9	0.600732600733
144	0.601953601954
144.1	0.600732600733
144.2	0.601953601954
144.3	0.601953601954
144.4	0.600732600733
144.5	0.600732600733
144.6	0.601953601954
144.7	0.601953601954
144.8	0.601953601954
144.9	0.600732600733
145	0.600732600733
145.1	0.601953601954
145.2	0.600732600733
145.3	0.600732600733
145.4	0.600732600733
145.5	0.600732600733
145.6	0.599511599512
145.7	0.601953601954
145.8	0.600732600733
145.9	0.600732600733
146	0.600732600733
146.1	0.600732600733
146.2	0.599511599512
146.3	0.600732600733
146.4	0.599511599512
146.5	0.599511599512
146.6	0.600732600733
146.7	0.599511599512
146.8	0.599511599512
146.9	0.600732600733
147	0.599511599512
147.1	0.599511599512
147.2	0.599511599512
147.3	0.599511599512
147.4	0.598290598291
147.5	0.598290598291
147.6	0.599511599512
147.7	0.599511599512
147.8	0.599511599512
147.9	0.598290598291
148	0.599511599512
148.1	0.598290598291
148.2	0.599511599512
148.3	0.599511599512
148.4	0.598290598291
148.5	0.599511599512
148.6	0.598290598291
148.7	0.599511599512
148.8	0.599511599512
148.9	0.598290598291
149	0.599511599512
149.1	0.59706959707
149.2	0.599511599512
149.3	0.599511599512
149.4	0.598290598291
149.5	0.598290598291
149.6	0.598290598291
149.7	0.598290598291
149.8	0.599511599512
149.9	0.59706959707
150	0.598290598291
150.1	0.59706959707
150.2	0.598290598291
150.3	0.598290598291
150.4	0.598290598291
150.5	0.598290598291
150.6	0.598290598291
150.7	0.59706959707
150.8	0.598290598291
150.9	0.59706959707
151	0.598290598291
151.1	0.59706959707
151.2	0.598290598291
151.3	0.59706959707
151.4	0.598290598291
151.5	0.59706959707
151.6	0.59706959707
151.7	0.59706959707
151.8	0.59706959707
151.9	0.59706959707
152	0.59706959707
152.1	0.59706959707
152.2	0.59706959707
152.3	0.59706959707
152.4	0.59706959707
152.5	0.59706959707
152.6	0.595848595849
152.7	0.59706959707
152.8	0.59706959707
152.9	0.59706959707
153	0.595848595849
153.1	0.59706959707
153.2	0.598290598291
153.3	0.59706959707
153.4	0.595848595849
153.5	0.59706959707
153.6	0.59706959707
153.7	0.595848595849
153.8	0.595848595849
153.9	0.59706959707
154	0.59706959707
154.1	0.595848595849
154.2	0.595848595849
154.3	0.59706959707
154.4	0.59706959707
154.5	0.59706959707
154.6	0.595848595849
154.7	0.595848595849
154.8	0.595848595849
154.9	0.595848595849
155	0.594627594628
155.1	0.595848595849
155.2	0.595848595849
155.3	0.595848595849
155.4	0.595848595849
155.5	0.594627594628
155.6	0.59706959707
155.7	0.594627594628
155.8	0.595848595849
155.9	0.595848595849
156	0.595848595849
156.1	0.595848595849
156.2	0.595848595849
156.3	0.59706959707
156.4	0.594627594628
156.5	0.595848595849
156.6	0.595848595849
156.7	0.595848595849
156.8	0.594627594628
156.9	0.594627594628
157	0.594627594628
157.1	0.595848595849
157.2	0.595848595849
157.3	0.594627594628
157.4	0.593406593407
157.5	0.595848595849
157.6	0.594627594628
157.7	0.594627594628
157.8	0.595848595849
157.9	0.594627594628
158	0.595848595849
158.1	0.594627594628
158.2	0.594627594628
158.3	0.594627594628
158.4	0.595848595849
158.5	0.594627594628
158.6	0.594627594628
158.7	0.593406593407
158.8	0.593406593407
158.9	0.593406593407
159	0.594627594628
159.1	0.593406593407
159.2	0.594627594628
159.3	0.594627594628
159.4	0.594627594628
159.5	0.594627594628
159.6	0.593406593407
159.7	0.594627594628
159.8	0.593406593407
159.9	0.593406593407
160	0.593406593407
160.1	0.594627594628
160.2	0.594627594628
160.3	0.593406593407
160.4	0.594627594628
160.5	0.593406593407
160.6	0.593406593407
160.7	0.594627594628
160.8	0.594627594628
160.9	0.593406593407
161	0.594627594628
161.1	0.594627594628
161.2	0.592185592186
161.3	0.593406593407
161.4	0.593406593407
161.5	0.593406593407
161.6	0.593406593407
161.7	0.594627594628
161.8	0.593406593407
161.9	0.593406593407
162	0.593406593407
162.1	0.593406593407
162.2	0.593406593407
162.3	0.593406593407
162.4	0.593406593407
162.5	0.593406593407
162.6	0.594627594628
162.7	0.593406593407
162.8	0.593406593407
162.9	0.592185592186
163	0.594627594628
163.1	0.592185592186
163.2	0.593406593407
163.3	0.593406593407
163.4	0.594627594628
163.5	0.593406593407
163.6	0.593406593407
163.7	0.593406593407
163.8	0.593406593407
163.9	0.592185592186
164	0.594627594628
164.1	0.592185592186
164.2	0.593406593407
164.3	0.593406593407
164.4	0.593406593407
164.5	0.592185592186
164.6	0.593406593407
164.7	0.593406593407
164.8	0.592185592186
164.9	0.592185592186
165	0.592185592186
165.1	0.592185592186
165.2	0.593406593407
165.3	0.593406593407
165.4	0.592185592186
165.5	0.593406593407
165.6	0.593406593407
165.7	0.592185592186
165.8	0.590964590965
165.9	0.592185592186
166	0.592185592186
166.1	0.593406593407
166.2	0.592185592186
166.3	0.592185592186
166.4	0.593406593407
166.5	0.592185592186
166.6	0.593406593407
166.7	0.593406593407
166.8	0.592185592186
166.9	0.592185592186
167	0.593406593407
167.1	0.590964590965
167.2	0.593406593407
167.3	0.592185592186
167.4	0.590964590965
167.5	0.592185592186
167.6	0.592185592186
167.7	0.592185592186
167.8	0.592185592186
167.9	0.593406593407
168	0.593406593407
168.1	0.592185592186
168.2	0.590964590965
168.3	0.593406593407
168.4	0.592185592186
168.5	0.592185592186
168.6	0.592185592186
168.7	0.592185592186
168.8	0.593406593407
168.9	0.592185592186
169	0.592185592186
169.1	0.592185592186
169.2	0.590964590965
169.3	0.592185592186
169.4	0.592185592186
169.5	0.590964590965
169.6	0.592185592186
169.7	0.590964590965
169.8	0.592185592186
169.9	0.592185592186
170	0.592185592186
170.1	0.590964590965
170.2	0.590964590965
170.3	0.590964590965
170.4	0.593406593407
170.5	0.592185592186
170.6	0.590964590965
170.7	0.590964590965
170.8	0.590964590965
170.9	0.592185592186
171	0.590964590965
171.1	0.592185592186
171.2	0.589743589744
171.3	0.590964590965
171.4	0.590964590965
171.5	0.590964590965
171.6	0.590964590965
171.7	0.590964590965
171.8	0.592185592186
171.9	0.590964590965
172	0.590964590965
172.1	0.590964590965
172.2	0.590964590965
172.3	0.592185592186
172.4	0.590964590965
172.5	0.592185592186
172.6	0.590964590965
172.7	0.589743589744
172.8	0.590964590965
172.9	0.589743589744
173	0.592185592186
173.1	0.592185592186
173.2	0.590964590965
173.3	0.590964590965
173.4	0.589743589744
173.5	0.590964590965
173.6	0.589743589744
173.7	0.592185592186
173.8	0.590964590965
173.9	0.590964590965
174	0.590964590965
174.1	0.590964590965
174.2	0.589743589744
174.3	0.589743589744
174.4	0.590964590965
174.5	0.590964590965
174.6	0.590964590965
174.7	0.588522588523
174.8	0.592185592186
174.9	0.589743589744
175	0.590964590965
175.1	0.589743589744
175.2	0.592185592186
175.3	0.590964590965
175.4	0.590964590965
175.5	0.590964590965
175.6	0.590964590965
175.7	0.590964590965
175.8	0.590964590965
175.9	0.589743589744
176	0.590964590965
176.1	0.590964590965
176.2	0.588522588523
176.3	0.590964590965
176.4	0.589743589744
176.5	0.589743589744
176.6	0.589743589744
176.7	0.590964590965
176.8	0.590964590965
176.9	0.590964590965
177	0.590964590965
177.1	0.589743589744
177.2	0.590964590965
177.3	0.589743589744
177.4	0.589743589744
177.5	0.589743589744
177.6	0.590964590965
177.7	0.588522588523
177.8	0.589743589744
177.9	0.589743589744
178	0.589743589744
178.1	0.590964590965
178.2	0.590964590965
178.3	0.589743589744
178.4	0.590964590965
178.5	0.589743589744
178.6	0.588522588523
178.7	0.588522588523
178.8	0.589743589744
178.9	0.589743589744
179	0.589743589744
179.1	0.589743589744
179.2	0.590964590965
179.3	0.589743589744
179.4	0.590964590965
179.5	0.588522588523
179.6	0.590964590965
179.7	0.590964590965
179.8	0.589743589744
179.9	0.589743589744
180	0.589743589744
180.1	0.589743589744
180.2	0.592185592186
180.3	0.588522588523
180.4	0.586080586081
180.5	0.587301587302
180.6	0.589743589744
180.7	0.590964590965
180.8	0.590964590965
180.9	0.590964590965
181	0.588522588523
181.1	0.590964590965
181.2	0.589743589744
181.3	0.589743589744
181.4	0.588522588523
181.5	0.588522588523
181.6	0.589743589744
181.7	0.590964590965
181.8	0.590964590965
181.9	0.588522588523
182	0.588522588523
182.1	0.588522588523
182.2	0.588522588523
182.3	0.590964590965
182.4	0.588522588523
182.5	0.589743589744
182.6	0.588522588523
182.7	0.590964590965
182.8	0.589743589744
182.9	0.588522588523
183	0.589743589744
183.1	0.589743589744
183.2	0.589743589744
183.3	0.589743589744
183.4	0.588522588523
183.5	0.589743589744
183.6	0.588522588523
183.7	0.588522588523
183.8	0.588522588523
183.9	0.588522588523
184	0.588522588523
184.1	0.589743589744
184.2	0.589743589744
184.3	0.588522588523
184.4	0.589743589744
184.5	0.589743589744
184.6	0.589743589744
184.7	0.589743589744
184.8	0.589743589744
184.9	0.588522588523
185	0.588522588523
185.1	0.589743589744
185.2	0.588522588523
185.3	0.588522588523
185.4	0.588522588523
185.5	0.588522588523
185.6	0.588522588523
185.7	0.589743589744
185.8	0.588522588523
185.9	0.587301587302
186	0.589743589744
186.1	0.588522588523
186.2	0.588522588523
186.3	0.588522588523
186.4	0.588522588523
186.5	0.588522588523
186.6	0.588522588523
186.7	0.588522588523
186.8	0.588522588523
186.9	0.589743589744
187	0.588522588523
187.1	0.588522588523
187.2	0.587301587302
187.3	0.588522588523
187.4	0.589743589744
187.5	0.588522588523
187.6	0.587301587302
187.7	0.588522588523
187.8	0.588522588523
187.9	0.588522588523
188	0.588522588523
188.1	0.588522588523
188.2	0.588522588523
188.3	0.588522588523
188.4	0.588522588523
188.5	0.588522588523
188.6	0.588522588523
188.7	0.587301587302
188.8	0.588522588523
188.9	0.588522588523
189	0.588522588523
189.1	0.587301587302
189.2	0.588522588523
189.3	0.588522588523
189.4	0.588522588523
189.5	0.588522588523
189.6	0.588522588523
189.7	0.587301587302
189.8	0.588522588523
189.9	0.588522588523
190	0.587301587302
190.1	0.588522588523
190.2	0.588522588523
190.3	0.588522588523
190.4	0.587301587302
190.5	0.588522588523
190.6	0.588522588523
190.7	0.588522588523
190.8	0.588522588523
190.9	0.587301587302
191	0.588522588523
191.1	0.587301587302
191.2	0.588522588523
191.3	0.588522588523
191.4	0.588522588523
191.5	0.588522588523
191.6	0.588522588523
191.7	0.588522588523
191.8	0.587301587302
191.9	0.587301587302
192	0.587301587302
192.1	0.588522588523
192.2	0.587301587302
192.3	0.588522588523
192.4	0.587301587302
192.5	0.588522588523
192.6	0.587301587302
192.7	0.587301587302
192.8	0.588522588523
192.9	0.587301587302
193	0.587301587302
193.1	0.588522588523
193.2	0.587301587302
193.3	0.587301587302
193.4	0.588522588523
193.5	0.587301587302
193.6	0.588522588523
193.7	0.588522588523
193.8	0.588522588523
193.9	0.588522588523
194	0.587301587302
194.1	0.587301587302
194.2	0.588522588523
194.3	0.588522588523
194.4	0.587301587302
194.5	0.587301587302
194.6	0.588522588523
194.7	0.587301587302
194.8	0.588522588523
194.9	0.588522588523
195	0.588522588523
195.1	0.588522588523
195.2	0.588522588523
195.3	0.586080586081
195.4	0.588522588523
195.5	0.587301587302
195.6	0.587301587302
195.7	0.587301587302
195.8	0.588522588523
195.9	0.588522588523
196	0.586080586081
196.1	0.587301587302
196.2	0.588522588523
196.3	0.587301587302
196.4	0.587301587302
196.5	0.588522588523
196.6	0.588522588523
196.7	0.587301587302
196.8	0.587301587302
196.9	0.587301587302
197	0.587301587302
197.1	0.588522588523
197.2	0.586080586081
197.3	0.588522588523
197.4	0.587301587302
197.5	0.587301587302
197.6	0.588522588523
197.7	0.587301587302
197.8	0.587301587302
197.9	0.587301587302
198	0.586080586081
198.1	0.587301587302
198.2	0.588522588523
198.3	0.587301587302
198.4	0.587301587302
198.5	0.588522588523
198.6	0.587301587302
198.7	0.587301587302
198.8	0.588522588523
198.9	0.586080586081
199	0.587301587302
199.1	0.587301587302
199.2	0.587301587302
199.3	0.587301587302
199.4	0.587301587302
199.5	0.588522588523
199.6	0.587301587302
199.7	0.586080586081
199.8	0.586080586081
199.9	0.586080586081
200	0.587301587302
200.1	0.586080586081
200.2	0.586080586081
200.3	0.58485958486
200.4	0.587301587302
200.5	0.587301587302
200.6	0.586080586081
200.7	0.587301587302
200.8	0.586080586081
200.9	0.587301587302
201	0.587301587302
201.1	0.586080586081
201.2	0.587301587302
201.3	0.587301587302
201.4	0.586080586081
201.5	0.587301587302
201.6	0.587301587302
201.7	0.587301587302
201.8	0.587301587302
201.9	0.586080586081
202	0.587301587302
202.1	0.587301587302
202.2	0.586080586081
202.3	0.587301587302
202.4	0.58485958486
202.5	0.586080586081
202.6	0.586080586081
202.7	0.586080586081
202.8	0.587301587302
202.9	0.587301587302
203	0.587301587302
203.1	0.586080586081
203.2	0.587301587302
203.3	0.587301587302
203.4	0.587301587302
203.5	0.586080586081
203.6	0.586080586081
203.7	0.587301587302
203.8	0.586080586081
203.9	0.587301587302
204	0.586080586081
204.1	0.586080586081
204.2	0.587301587302
204.3	0.586080586081
204.4	0.586080586081
204.5	0.587301587302
204.6	0.587301587302
204.7	0.586080586081
204.8	0.586080586081
204.9	0.587301587302
205	0.587301587302
205.1	0.587301587302
205.2	0.586080586081
205.3	0.587301587302
205.4	0.587301587302
205.5	0.586080586081
205.6	0.587301587302
205.7	0.586080586081
205.8	0.586080586081
205.9	0.587301587302
206	0.587301587302
206.1	0.586080586081
206.2	0.586080586081
206.3	0.587301587302
206.4	0.587301587302
206.5	0.587301587302
206.6	0.587301587302
206.7	0.58485958486
206.8	0.586080586081
206.9	0.586080586081
207	0.586080586081
207.1	0.586080586081
207.2	0.587301587302
207.3	0.586080586081
207.4	0.586080586081
207.5	0.586080586081
207.6	0.586080586081
207.7	0.583638583639
207.8	0.587301587302
207.9	0.586080586081
208	0.586080586081
208.1	0.586080586081
208.2	0.587301587302
208.3	0.587301587302
208.4	0.586080586081
208.5	0.586080586081
208.6	0.587301587302
208.7	0.587301587302
208.8	0.586080586081
208.9	0.586080586081
209	0.586080586081
209.1	0.586080586081
209.2	0.586080586081
209.3	0.586080586081
209.4	0.586080586081
209.5	0.586080586081
209.6	0.586080586081
209.7	0.587301587302
209.8	0.586080586081
209.9	0.586080586081
210	0.586080586081
210.1	0.58485958486
210.2	0.586080586081
210.3	0.586080586081
210.4	0.586080586081
210.5	0.586080586081
210.6	0.586080586081
210.7	0.586080586081
210.8	0.587301587302
210.9	0.586080586081
211	0.586080586081
211.1	0.58485958486
211.2	0.586080586081
211.3	0.586080586081
211.4	0.586080586081
211.5	0.587301587302
211.6	0.586080586081
211.7	0.58485958486
211.8	0.586080586081
211.9	0.587301587302
212	0.586080586081
212.1	0.586080586081
212.2	0.586080586081
212.3	0.586080586081
212.4	0.586080586081
212.5	0.58485958486
212.6	0.586080586081
212.7	0.587301587302
212.8	0.586080586081
212.9	0.586080586081
213	0.58485958486
213.1	0.586080586081
213.2	0.586080586081
213.3	0.586080586081
213.4	0.587301587302
213.5	0.586080586081
213.6	0.58485958486
213.7	0.58485958486
213.8	0.586080586081
213.9	0.586080586081
214	0.586080586081
214.1	0.586080586081
214.2	0.586080586081
214.3	0.586080586081
214.4	0.586080586081
214.5	0.586080586081
214.6	0.58485958486
214.7	0.586080586081
214.8	0.586080586081
214.9	0.586080586081
215	0.586080586081
215.1	0.586080586081
215.2	0.58485958486
215.3	0.587301587302
215.4	0.586080586081
215.5	0.586080586081
215.6	0.583638583639
215.7	0.586080586081
215.8	0.586080586081
215.9	0.587301587302
216	0.586080586081
216.1	0.58485958486
216.2	0.586080586081
216.3	0.586080586081
216.4	0.58485958486
216.5	0.586080586081
216.6	0.58485958486
216.7	0.58485958486
216.8	0.58485958486
216.9	0.58485958486
217	0.586080586081
217.1	0.586080586081
217.2	0.586080586081
217.3	0.58485958486
217.4	0.586080586081
217.5	0.58485958486
217.6	0.58485958486
217.7	0.58485958486
217.8	0.586080586081
217.9	0.58485958486
218	0.58485958486
218.1	0.586080586081
218.2	0.58485958486
218.3	0.58485958486
218.4	0.58485958486
218.5	0.58485958486
218.6	0.586080586081
218.7	0.58485958486
218.8	0.58485958486
218.9	0.586080586081
219	0.58485958486
219.1	0.586080586081
219.2	0.586080586081
219.3	0.58485958486
219.4	0.583638583639
219.5	0.58485958486
219.6	0.586080586081
219.7	0.583638583639
219.8	0.58485958486
219.9	0.586080586081
220	0.58485958486
220.1	0.586080586081
220.2	0.58485958486
220.3	0.586080586081
220.4	0.586080586081
220.5	0.58485958486
220.6	0.58485958486
220.7	0.583638583639
220.8	0.586080586081
220.9	0.58485958486
221	0.58485958486
221.1	0.582417582418
221.2	0.586080586081
221.3	0.58485958486
221.4	0.583638583639
221.5	0.583638583639
221.6	0.586080586081
221.7	0.583638583639
221.8	0.586080586081
221.9	0.586080586081
222	0.583638583639
222.1	0.586080586081
222.2	0.58485958486
222.3	0.58485958486
222.4	0.58485958486
222.5	0.58485958486
222.6	0.586080586081
222.7	0.586080586081
222.8	0.58485958486
222.9	0.58485958486
223	0.583638583639
223.1	0.586080586081
223.2	0.582417582418
223.3	0.586080586081
223.4	0.58485958486
223.5	0.583638583639
223.6	0.586080586081
223.7	0.58485958486
223.8	0.58485958486
223.9	0.583638583639
224	0.58485958486
224.1	0.586080586081
224.2	0.58485958486
224.3	0.58485958486
224.4	0.583638583639
224.5	0.58485958486
224.6	0.583638583639
224.7	0.58485958486
224.8	0.58485958486
224.9	0.586080586081
225	0.583638583639
225.1	0.583638583639
225.2	0.58485958486
225.3	0.58485958486
225.4	0.58485958486
225.5	0.582417582418
225.6	0.583638583639
225.7	0.583638583639
225.8	0.583638583639
225.9	0.58485958486
226	0.58485958486
226.1	0.586080586081
226.2	0.583638583639
226.3	0.583638583639
226.4	0.586080586081
226.5	0.58485958486
226.6	0.58485958486
226.7	0.58485958486
226.8	0.583638583639
226.9	0.58485958486
227	0.583638583639
227.1	0.583638583639
227.2	0.583638583639
227.3	0.58485958486
227.4	0.583638583639
227.5	0.583638583639
227.6	0.583638583639
227.7	0.583638583639
227.8	0.58485958486
227.9	0.583638583639
228	0.583638583639
228.1	0.583638583639
228.2	0.58485958486
228.3	0.58485958486
228.4	0.58485958486
228.5	0.586080586081
228.6	0.583638583639
228.7	0.58485958486
228.8	0.586080586081
228.9	0.583638583639
229	0.583638583639
229.1	0.583638583639
229.2	0.583638583639
229.3	0.583638583639
229.4	0.58485958486
229.5	0.583638583639
229.6	0.58485958486
229.7	0.58485958486
229.8	0.583638583639
229.9	0.583638583639
230	0.58485958486
230.1	0.58485958486
230.2	0.583638583639
230.3	0.583638583639
230.4	0.583638583639
230.5	0.58485958486
230.6	0.58485958486
230.7	0.583638583639
230.8	0.583638583639
230.9	0.583638583639
231	0.583638583639
231.1	0.583638583639
231.2	0.583638583639
231.3	0.583638583639
231.4	0.583638583639
231.5	0.583638583639
231.6	0.583638583639
231.7	0.583638583639
231.8	0.583638583639
231.9	0.583638583639
232	0.583638583639
232.1	0.583638583639
232.2	0.583638583639
232.3	0.583638583639
232.4	0.583638583639
232.5	0.583638583639
232.6	0.58485958486
232.7	0.58485958486
232.8	0.583638583639
232.9	0.583638583639
233	0.58485958486
233.1	0.583638583639
233.2	0.583638583639
233.3	0.583638583639
233.4	0.583638583639
233.5	0.583638583639
233.6	0.583638583639
233.7	0.583638583639
233.8	0.58485958486
233.9	0.583638583639
234	0.583638583639
234.1	0.583638583639
234.2	0.583638583639
234.3	0.583638583639
234.4	0.583638583639
234.5	0.583638583639
234.6	0.58485958486
234.7	0.583638583639
234.8	0.582417582418
234.9	0.583638583639
235	0.583638583639
235.1	0.583638583639
235.2	0.583638583639
235.3	0.583638583639
235.4	0.583638583639
235.5	0.583638583639
235.6	0.583638583639
235.7	0.583638583639
235.8	0.582417582418
235.9	0.58485958486
236	0.583638583639
236.1	0.583638583639
236.2	0.583638583639
236.3	0.583638583639
236.4	0.583638583639
236.5	0.583638583639
236.6	0.58485958486
236.7	0.583638583639
236.8	0.582417582418
236.9	0.583638583639
237	0.583638583639
237.1	0.58485958486
237.2	0.583638583639
237.3	0.583638583639
237.4	0.583638583639
237.5	0.58485958486
237.6	0.583638583639
237.7	0.583638583639
237.8	0.583638583639
237.9	0.582417582418
238	0.583638583639
238.1	0.582417582418
238.2	0.58485958486
238.3	0.583638583639
238.4	0.583638583639
238.5	0.583638583639
238.6	0.583638583639
238.7	0.58485958486
238.8	0.583638583639
238.9	0.583638583639
239	0.583638583639
239.1	0.583638583639
239.2	0.583638583639
239.3	0.583638583639
239.4	0.582417582418
239.5	0.583638583639
239.6	0.582417582418
239.7	0.582417582418
239.8	0.582417582418
239.9	0.583638583639
240	0.583638583639
240.1	0.582417582418
240.2	0.583638583639
240.3	0.583638583639
240.4	0.583638583639
240.5	0.582417582418
240.6	0.586080586081
240.7	0.583638583639
240.8	0.581196581197
240.9	0.583638583639
241	0.582417582418
241.1	0.583638583639
241.2	0.583638583639
241.3	0.582417582418
241.4	0.583638583639
241.5	0.582417582418
241.6	0.583638583639
241.7	0.583638583639
241.8	0.583638583639
241.9	0.582417582418
242	0.583638583639
242.1	0.583638583639
242.2	0.582417582418
242.3	0.582417582418
242.4	0.582417582418
242.5	0.582417582418
242.6	0.583638583639
242.7	0.583638583639
242.8	0.58485958486
242.9	0.581196581197
243	0.582417582418
243.1	0.582417582418
243.2	0.583638583639
243.3	0.583638583639
243.4	0.582417582418
243.5	0.582417582418
243.6	0.582417582418
243.7	0.58485958486
243.8	0.583638583639
243.9	0.582417582418
244	0.583638583639
244.1	0.582417582418
244.2	0.583638583639
244.3	0.583638583639
244.4	0.582417582418
244.5	0.582417582418
244.6	0.582417582418
244.7	0.583638583639
244.8	0.582417582418
244.9	0.581196581197
245	0.582417582418
245.1	0.581196581197
245.2	0.583638583639
245.3	0.583638583639
245.4	0.582417582418
245.5	0.583638583639
245.6	0.583638583639
245.7	0.582417582418
245.8	0.583638583639
245.9	0.582417582418
246	0.582417582418
246.1	0.583638583639
246.2	0.582417582418
246.3	0.582417582418
246.4	0.582417582418
246.5	0.582417582418
246.6	0.583638583639
246.7	0.583638583639
246.8	0.583638583639
246.9	0.583638583639
247	0.582417582418
247.1	0.582417582418
247.2	0.582417582418
247.3	0.582417582418
247.4	0.582417582418
247.5	0.583638583639
247.6	0.581196581197
247.7	0.582417582418
247.8	0.583638583639
247.9	0.582417582418
248	0.583638583639
248.1	0.583638583639
248.2	0.583638583639
248.3	0.582417582418
248.4	0.583638583639
248.5	0.582417582418
248.6	0.583638583639
248.7	0.582417582418
248.8	0.582417582418
248.9	0.582417582418
249	0.581196581197
249.1	0.582417582418
249.2	0.582417582418
249.3	0.582417582418
249.4	0.582417582418
249.5	0.583638583639
249.6	0.583638583639
249.7	0.583638583639
249.8	0.583638583639
249.9	0.582417582418
250	0.582417582418
250.1	0.582417582418
250.2	0.582417582418
250.3	0.582417582418
250.4	0.582417582418
250.5	0.581196581197
250.6	0.582417582418
250.7	0.582417582418
250.8	0.583638583639
250.9	0.581196581197
251	0.582417582418
251.1	0.582417582418
251.2	0.583638583639
251.3	0.583638583639
251.4	0.582417582418
251.5	0.581196581197
251.6	0.582417582418
251.7	0.582417582418
251.8	0.583638583639
251.9	0.581196581197
252	0.582417582418
252.1	0.583638583639
252.2	0.582417582418
252.3	0.582417582418
252.4	0.581196581197
252.5	0.583638583639
252.6	0.582417582418
252.7	0.582417582418
252.8	0.583638583639
252.9	0.583638583639
253	0.582417582418
253.1	0.582417582418
253.2	0.582417582418
253.3	0.583638583639
253.4	0.583638583639
253.5	0.582417582418
253.6	0.582417582418
253.7	0.582417582418
253.8	0.582417582418
253.9	0.582417582418
254	0.583638583639
254.1	0.582417582418
254.2	0.582417582418
254.3	0.583638583639
254.4	0.582417582418
254.5	0.582417582418
254.6	0.581196581197
254.7	0.582417582418
254.8	0.582417582418
254.9	0.583638583639
255	0.582417582418
255.1	0.582417582418
255.2	0.581196581197
255.3	0.582417582418
255.4	0.582417582418
255.5	0.583638583639
255.6	0.582417582418
255.7	0.583638583639
255.8	0.582417582418
255.9	0.581196581197
256	0.581196581197
256.1	0.582417582418
256.2	0.581196581197
256.3	0.582417582418
256.4	0.582417582418
256.5	0.582417582418
256.6	0.581196581197
256.7	0.581196581197
256.8	0.582417582418
256.9	0.582417582418
257	0.582417582418
257.1	0.582417582418
257.2	0.582417582418
257.3	0.582417582418
257.4	0.583638583639
257.5	0.581196581197
257.6	0.581196581197
257.7	0.581196581197
257.8	0.583638583639
257.9	0.582417582418
258	0.582417582418
258.1	0.582417582418
258.2	0.582417582418
258.3	0.582417582418
258.4	0.582417582418
258.5	0.582417582418
258.6	0.582417582418
258.7	0.581196581197
258.8	0.581196581197
258.9	0.581196581197
259	0.582417582418
259.1	0.581196581197
259.2	0.582417582418
259.3	0.582417582418
259.4	0.582417582418
259.5	0.581196581197
259.6	0.582417582418
259.7	0.581196581197
259.8	0.582417582418
259.9	0.582417582418
260	0.583638583639
260.1	0.581196581197
260.2	0.582417582418
260.3	0.582417582418
260.4	0.582417582418
260.5	0.582417582418
260.6	0.581196581197
260.7	0.581196581197
260.8	0.582417582418
260.9	0.581196581197
261	0.581196581197
261.1	0.581196581197
261.2	0.582417582418
261.3	0.582417582418
261.4	0.581196581197
261.5	0.581196581197
261.6	0.582417582418
261.7	0.581196581197
261.8	0.582417582418
261.9	0.581196581197
262	0.582417582418
262.1	0.582417582418
262.2	0.582417582418
262.3	0.581196581197
262.4	0.582417582418
262.5	0.581196581197
262.6	0.581196581197
262.7	0.582417582418
262.8	0.582417582418
262.9	0.581196581197
263	0.582417582418
263.1	0.581196581197
263.2	0.581196581197
263.3	0.582417582418
263.4	0.581196581197
263.5	0.582417582418
263.6	0.582417582418
263.7	0.581196581197
263.8	0.581196581197
263.9	0.582417582418
264	0.582417582418
264.1	0.582417582418
264.2	0.582417582418
264.3	0.582417582418
264.4	0.583638583639
264.5	0.581196581197
264.6	0.582417582418
264.7	0.582417582418
264.8	0.582417582418
264.9	0.582417582418
265	0.581196581197
265.1	0.582417582418
265.2	0.581196581197
265.3	0.581196581197
265.4	0.581196581197
265.5	0.582417582418
265.6	0.581196581197
265.7	0.581196581197
265.8	0.581196581197
265.9	0.582417582418
266	0.581196581197
266.1	0.582417582418
266.2	0.582417582418
266.3	0.581196581197
266.4	0.582417582418
266.5	0.582417582418
266.6	0.581196581197
266.7	0.581196581197
266.8	0.582417582418
266.9	0.581196581197
267	0.581196581197
267.1	0.582417582418
267.2	0.581196581197
267.3	0.582417582418
267.4	0.582417582418
267.5	0.581196581197
267.6	0.582417582418
267.7	0.581196581197
267.8	0.582417582418
267.9	0.581196581197
268	0.581196581197
268.1	0.581196581197
268.2	0.581196581197
268.3	0.582417582418
268.4	0.581196581197
268.5	0.581196581197
268.6	0.581196581197
268.7	0.581196581197
268.8	0.582417582418
268.9	0.582417582418
269	0.582417582418
269.1	0.581196581197
269.2	0.582417582418
269.3	0.582417582418
269.4	0.581196581197
269.5	0.581196581197
269.6	0.582417582418
269.7	0.582417582418
269.8	0.581196581197
269.9	0.581196581197
270	0.581196581197
270.1	0.581196581197
270.2	0.581196581197
270.3	0.582417582418
270.4	0.581196581197
270.5	0.581196581197
270.6	0.582417582418
270.7	0.581196581197
270.8	0.582417582418
270.9	0.582417582418
271	0.581196581197
271.1	0.581196581197
271.2	0.581196581197
271.3	0.581196581197
271.4	0.579975579976
271.5	0.582417582418
271.6	0.582417582418
271.7	0.581196581197
271.8	0.579975579976
271.9	0.581196581197
272	0.581196581197
272.1	0.581196581197
272.2	0.581196581197
272.3	0.582417582418
272.4	0.581196581197
272.5	0.581196581197
272.6	0.581196581197
272.7	0.581196581197
272.8	0.581196581197
272.9	0.581196581197
273	0.581196581197
273.1	0.581196581197
273.2	0.582417582418
273.3	0.581196581197
273.4	0.581196581197
273.5	0.581196581197
273.6	0.579975579976
273.7	0.581196581197
273.8	0.581196581197
273.9	0.581196581197
274	0.579975579976
274.1	0.582417582418
274.2	0.581196581197
274.3	0.581196581197
274.4	0.581196581197
274.5	0.581196581197
274.6	0.581196581197
274.7	0.581196581197
274.8	0.581196581197
274.9	0.581196581197
275	0.582417582418
275.1	0.581196581197
275.2	0.581196581197
275.3	0.581196581197
275.4	0.581196581197
275.5	0.581196581197
275.6	0.582417582418
275.7	0.582417582418
275.8	0.581196581197
275.9	0.581196581197
276	0.581196581197
276.1	0.581196581197
276.2	0.582417582418
276.3	0.581196581197
276.4	0.581196581197
276.5	0.582417582418
276.6	0.581196581197
276.7	0.581196581197
276.8	0.581196581197
276.9	0.581196581197
277	0.579975579976
277.1	0.581196581197
277.2	0.581196581197
277.3	0.581196581197
277.4	0.581196581197
277.5	0.579975579976
277.6	0.581196581197
277.7	0.581196581197
277.8	0.581196581197
277.9	0.581196581197
278	0.581196581197
278.1	0.581196581197
278.2	0.582417582418
278.3	0.579975579976
278.4	0.581196581197
278.5	0.579975579976
278.6	0.581196581197
278.7	0.581196581197
278.8	0.582417582418
278.9	0.581196581197
279	0.581196581197
279.1	0.579975579976
279.2	0.581196581197
279.3	0.582417582418
279.4	0.581196581197
279.5	0.581196581197
279.6	0.581196581197
279.7	0.581196581197
279.8	0.582417582418
279.9	0.581196581197
280	0.581196581197
280.1	0.581196581197
280.2	0.581196581197
280.3	0.581196581197
280.4	0.579975579976
280.5	0.581196581197
280.6	0.581196581197
280.7	0.579975579976
280.8	0.579975579976
280.9	0.581196581197
281	0.582417582418
281.1	0.579975579976
281.2	0.579975579976
281.3	0.581196581197
281.4	0.581196581197
281.5	0.581196581197
281.6	0.581196581197
281.7	0.581196581197
281.8	0.579975579976
281.9	0.581196581197
282	0.581196581197
282.1	0.579975579976
282.2	0.581196581197
282.3	0.581196581197
282.4	0.581196581197
282.5	0.581196581197
282.6	0.581196581197
282.7	0.581196581197
282.8	0.579975579976
282.9	0.581196581197
283	0.581196581197
283.1	0.581196581197
283.2	0.579975579976
283.3	0.581196581197
283.4	0.581196581197
283.5	0.581196581197
283.6	0.579975579976
283.7	0.581196581197
283.8	0.581196581197
283.9	0.578754578755
284	0.579975579976
284.1	0.578754578755
284.2	0.581196581197
284.3	0.581196581197
284.4	0.581196581197
284.5	0.581196581197
284.6	0.581196581197
284.7	0.581196581197
284.8	0.581196581197
284.9	0.579975579976
285	0.581196581197
285.1	0.582417582418
285.2	0.579975579976
285.3	0.581196581197
285.4	0.579975579976
285.5	0.581196581197
285.6	0.581196581197
285.7	0.579975579976
285.8	0.581196581197
285.9	0.581196581197
286	0.579975579976
286.1	0.579975579976
286.2	0.579975579976
286.3	0.581196581197
286.4	0.579975579976
286.5	0.579975579976
286.6	0.581196581197
286.7	0.581196581197
286.8	0.579975579976
286.9	0.581196581197
287	0.581196581197
287.1	0.581196581197
287.2	0.579975579976
287.3	0.581196581197
287.4	0.579975579976
287.5	0.581196581197
287.6	0.581196581197
287.7	0.581196581197
287.8	0.581196581197
287.9	0.579975579976
288	0.579975579976
288.1	0.581196581197
288.2	0.581196581197
288.3	0.579975579976
288.4	0.579975579976
288.5	0.579975579976
288.6	0.579975579976
288.7	0.581196581197
288.8	0.581196581197
288.9	0.581196581197
289	0.581196581197
289.1	0.581196581197
289.2	0.579975579976
289.3	0.581196581197
289.4	0.581196581197
289.5	0.581196581197
289.6	0.581196581197
289.7	0.579975579976
289.8	0.581196581197
289.9	0.579975579976
290	0.579975579976
290.1	0.581196581197
290.2	0.579975579976
290.3	0.581196581197
290.4	0.581196581197
290.5	0.581196581197
290.6	0.579975579976
290.7	0.581196581197
290.8	0.579975579976
290.9	0.581196581197
291	0.581196581197
291.1	0.579975579976
291.2	0.581196581197
291.3	0.581196581197
291.4	0.581196581197
291.5	0.579975579976
291.6	0.579975579976
291.7	0.579975579976
291.8	0.581196581197
291.9	0.581196581197
292	0.579975579976
292.1	0.579975579976
292.2	0.579975579976
292.3	0.581196581197
292.4	0.581196581197
292.5	0.579975579976
292.6	0.579975579976
292.7	0.579975579976
292.8	0.581196581197
292.9	0.579975579976
293	0.579975579976
293.1	0.579975579976
293.2	0.581196581197
293.3	0.579975579976
293.4	0.579975579976
293.5	0.581196581197
293.6	0.579975579976
293.7	0.579975579976
293.8	0.581196581197
293.9	0.579975579976
294	0.581196581197
294.1	0.579975579976
294.2	0.579975579976
294.3	0.581196581197
294.4	0.579975579976
294.5	0.581196581197
294.6	0.579975579976
294.7	0.578754578755
294.8	0.579975579976
294.9	0.581196581197
295	0.579975579976
295.1	0.581196581197
295.2	0.579975579976
295.3	0.579975579976
295.4	0.579975579976
295.5	0.579975579976
295.6	0.578754578755
295.7	0.581196581197
295.8	0.579975579976
295.9	0.579975579976
296	0.579975579976
296.1	0.579975579976
296.2	0.581196581197
296.3	0.579975579976
296.4	0.579975579976
296.5	0.579975579976
296.6	0.579975579976
296.7	0.581196581197
296.8	0.579975579976
296.9	0.579975579976
297	0.579975579976
297.1	0.579975579976
297.2	0.579975579976
297.3	0.579975579976
297.4	0.581196581197
297.5	0.579975579976
297.6	0.581196581197
297.7	0.579975579976
297.8	0.581196581197
297.9	0.579975579976
298	0.579975579976
298.1	0.581196581197
298.2	0.581196581197
298.3	0.579975579976
298.4	0.579975579976
298.5	0.579975579976
298.6	0.579975579976
298.7	0.579975579976
298.8	0.579975579976
298.9	0.579975579976
299	0.579975579976
299.1	0.579975579976
299.2	0.579975579976
299.3	0.579975579976
299.4	0.579975579976
299.5	0.579975579976
299.6	0.581196581197
299.7	0.579975579976
299.8	0.579975579976
299.9	0.579975579976
300	0.578754578755
