Vernier Format 2
Untitled.cmbl 9/22/2026 15:34:09 .
Latest
Time	Potential
t	Pot
s	V

0	0.615384615385
0.1	0.615384615385
0.2	0.615384615385
0.3	0.616605616606
0.4	0.614163614164
0.5	0.615384615385
0.6	0.615384615385
0.7	0.620268620269
0.8	0.653235653236
0.9	0.710622710623
1	0.771672771673
1.1	0.831501831502
1.2	0.921855921856
1.3	1.05128205128
1.4	1.16483516484
1.5	1.27106227106
1.6	1.39072039072
1.7	1.51282051282
1.8	1.62026862027
1.9	1.72039072039
2	1.82905982906
2.1	1.94505494505
2.2	2.05372405372
2.3	2.15506715507
2.4	2.28083028083
2.5	2.40903540904
2.6	2.52136752137
2.7	2.62759462759
2.8	2.72527472527
2.9	2.80586080586
3	2.88156288156
3.1	2.95726495726
3.2	3.05860805861
3.3	3.15262515263
3.4	3.23687423687
3.5	3.32234432234
3.6	3.39682539683
3.7	3.46153846154
3.8	3.52136752137
3.9	3.57753357753
4	3.62637362637
4.1	3.67155067155
4.2	3.71550671551
4.3	3.75335775336
4.4	3.78998778999
4.5	3.82173382173
4.6	3.8547008547
4.7	3.88156288156
4.8	3.9072039072
4.9	3.9304029304
5	3.9536019536
5.1	3.9768009768
5.2	3.99267399267
5.3	4.00854700855
5.4	4.02197802198
5.5	4.03296703297
5.6	4.0463980464
5.7	4.05982905983
5.8	4.0695970696
5.9	4.08547008547
6	4.09768009768
6.1	4.11233211233
6.2	4.12576312576
6.3	4.13797313797
6.4	4.14896214896
6.5	4.16117216117
6.6	4.1684981685
6.7	4.17826617827
6.8	4.18803418803
6.9	4.19658119658
7	4.20512820513
7.1	4.21123321123
7.2	4.21855921856
7.3	4.22466422466
7.4	4.23443223443
7.5	4.23565323565
7.6	4.24175824176
7.7	4.24786324786
7.8	4.25396825397
7.9	4.25518925519
8	4.25885225885
8.1	4.26007326007
8.2	4.26251526252
8.3	4.25641025641
8.4	4.25396825397
8.5	4.25152625153
8.6	4.24664224664
8.7	4.24297924298
8.8	4.23687423687
8.9	4.22954822955
9	4.22344322344
9.1	4.21367521368
9.2	4.20634920635
9.3	4.1978021978
9.4	4.18803418803
9.5	4.17582417582
9.6	4.16971916972
9.7	4.15628815629
9.8	4.14774114774
9.9	4.13675213675
10	4.12576312576
10.1	4.11477411477
10.2	4.10500610501
10.3	4.09401709402
10.4	4.08424908425
10.5	4.07326007326
10.6	4.05982905983
10.7	4.05128205128
10.8	4.03907203907
10.9	4.0293040293
11	4.01831501832
11.1	4.00976800977
11.2	3.99755799756
11.3	3.99023199023
11.4	3.97802197802
11.5	3.96703296703
11.6	3.95604395604
11.7	3.9474969475
11.8	3.93894993895
11.9	3.92673992674
12	3.91697191697
12.1	3.9072039072
12.2	3.89865689866
12.3	3.88888888889
12.4	3.87667887668
12.5	3.87057387057
12.6	3.85836385836
12.7	3.84737484737
12.8	3.84004884005
12.9	3.8315018315
13	3.81929181929
13.1	3.81074481074
13.2	3.80097680098
13.3	3.79242979243
13.4	3.78266178266
13.5	3.77289377289
13.6	3.76312576313
13.7	3.75702075702
13.8	3.74358974359
13.9	3.73626373626
14	3.72527472527
14.1	3.71916971917
14.2	3.70818070818
14.3	3.70207570208
14.4	3.69230769231
14.5	3.68253968254
14.6	3.67399267399
14.7	3.66422466422
14.8	3.65567765568
14.9	3.64835164835
15	3.63858363858
15.1	3.63003663004
15.2	3.62393162393
15.3	3.61416361416
15.4	3.6043956044
15.5	3.59584859585
15.6	3.58608058608
15.7	3.57997557998
15.8	3.57020757021
15.9	3.5641025641
16	3.55311355311
16.1	3.54578754579
16.2	3.53724053724
16.3	3.52869352869
16.4	3.52258852259
16.5	3.5177045177
16.6	3.50427350427
16.7	3.49938949939
16.8	3.49206349206
16.9	3.4822954823
17	3.47496947497
17.1	3.46642246642
17.2	3.4590964591
17.3	3.45177045177
17.4	3.44444444444
17.5	3.4358974359
17.6	3.42735042735
17.7	3.42124542125
17.8	3.41147741148
17.9	3.40659340659
18	3.39926739927
18.1	3.39194139194
18.2	3.38583638584
18.3	3.37728937729
18.4	3.36996336996
18.5	3.36263736264
18.6	3.35531135531
18.7	3.34554334554
18.8	3.34188034188
18.9	3.33333333333
19	3.32600732601
19.1	3.31746031746
19.2	3.31257631258
19.3	3.30402930403
19.4	3.29792429792
19.5	3.29304029304
19.6	3.28327228327
19.7	3.27716727717
19.8	3.26984126984
19.9	3.26251526252
20	3.25763125763
20.1	3.25152625153
20.2	3.24297924298
20.3	3.2380952381
20.4	3.23199023199
20.5	3.22344322344
20.6	3.21733821734
20.7	3.21245421245
20.8	3.20390720391
20.9	3.1978021978
21	3.1916971917
21.1	3.18437118437
21.2	3.17704517705
21.3	3.17338217338
21.4	3.16605616606
21.5	3.15873015873
21.6	3.15384615385
21.7	3.1452991453
21.8	3.14041514042
21.9	3.13553113553
22	3.12820512821
22.1	3.1221001221
22.2	3.115995116
22.3	3.10866910867
22.4	3.10378510379
22.5	3.0989010989
22.6	3.09157509158
22.7	3.08669108669
22.8	3.08180708181
22.9	3.07448107448
23	3.06837606838
23.1	3.06227106227
23.2	3.05494505495
23.3	3.05128205128
23.4	3.04395604396
23.5	3.03785103785
23.6	3.03418803419
23.7	3.02808302808
23.8	3.02075702076
23.9	3.01587301587
24	3.00976800977
24.1	3.00366300366
24.2	3
24.3	2.99511599512
24.4	2.98901098901
24.5	2.98168498168
24.6	2.97802197802
24.7	2.96947496947
24.8	2.96581196581
24.9	2.96092796093
25	2.95482295482
25.1	2.94993894994
25.2	2.94627594628
25.3	2.93772893773
25.4	2.93284493284
25.5	2.92918192918
25.6	2.92185592186
25.7	2.91941391941
25.8	2.91208791209
25.9	2.9072039072
26	2.90231990232
26.1	2.89743589744
26.2	2.89133089133
26.3	2.88644688645
26.4	2.88278388278
26.5	2.87545787546
26.6	2.87179487179
26.7	2.86446886447
26.8	2.86080586081
26.9	2.85836385836
27	2.85103785104
27.1	2.84493284493
27.2	2.84004884005
27.3	2.83760683761
27.4	2.82905982906
27.5	2.82783882784
27.6	2.82173382173
27.7	2.81318681319
27.8	2.81074481074
27.9	2.80341880342
28	2.8021978022
28.1	2.79731379731
28.2	2.78998778999
28.3	2.78754578755
28.4	2.78266178266
28.5	2.77777777778
28.6	2.77045177045
28.7	2.76923076923
28.8	2.76434676435
28.9	2.75824175824
29	2.7557997558
29.1	2.74969474969
29.2	2.74481074481
29.3	2.74236874237
29.4	2.73382173382
29.5	2.7326007326
29.6	2.72771672772
29.7	2.72039072039
29.8	2.71794871795
29.9	2.71184371184
30	2.7094017094
30.1	2.7032967033
30.2	2.70085470085
30.3	2.69719169719
30.4	2.69352869353
30.5	2.68742368742
30.6	2.6800976801
30.7	2.67521367521
30.8	2.67765567766
30.9	2.66788766789
31	2.66544566545
31.1	2.65811965812
31.2	2.65934065934
31.3	2.65201465201
31.4	2.64713064713
31.5	2.64224664225
31.6	2.63858363858
31.7	2.6336996337
31.8	2.63125763126
31.9	2.62637362637
32	2.62026862027
32.1	2.61782661783
32.2	2.61294261294
32.3	2.6105006105
32.4	2.60683760684
32.5	2.60317460317
32.6	2.59829059829
32.7	2.59096459096
32.8	2.58974358974
32.9	2.58485958486
33	2.58241758242
33.1	2.57875457875
33.2	2.57264957265
33.3	2.56776556777
33.4	2.56532356532
33.5	2.55921855922
33.6	2.55433455433
33.7	2.55067155067
33.8	2.55067155067
33.9	2.54578754579
34	2.53357753358
34.1	2.53724053724
34.2	2.53235653236
34.3	2.53235653236
34.4	2.52503052503
34.5	2.52258852259
34.6	2.5177045177
34.7	2.51282051282
34.8	2.50915750916
34.9	2.50427350427
35	2.50061050061
35.1	2.49694749695
35.2	2.49206349206
35.3	2.49084249084
35.4	2.48717948718
35.5	2.48351648352
35.6	2.47741147741
35.7	2.47863247863
35.8	2.47374847375
35.9	2.47008547009
36	2.4652014652
36.1	2.46275946276
36.2	2.4590964591
36.3	2.45421245421
36.4	2.45299145299
36.5	2.44932844933
36.6	2.44444444444
36.7	2.43833943834
36.8	2.43711843712
36.9	2.43223443223
37	2.42979242979
37.1	2.42612942613
37.2	2.42490842491
37.3	2.4188034188
37.4	2.41636141636
37.5	2.40903540904
37.6	2.40903540904
37.7	2.40537240537
37.8	2.40170940171
37.9	2.39682539683
38	2.39682539683
38.1	2.39316239316
38.2	2.38583638584
38.3	2.38461538462
38.4	2.37973137973
38.5	2.37484737485
38.6	2.37240537241
38.7	2.37118437118
38.8	2.36507936508
38.9	2.36141636142
39	2.35897435897
39.1	2.35653235653
39.2	2.35531135531
39.3	2.34920634921
39.4	2.3431013431
39.5	2.34065934066
39.6	2.34065934066
39.7	2.336996337
39.8	2.33089133089
39.9	2.33089133089
40	2.32844932845
40.1	2.32234432234
40.2	2.32234432234
40.3	2.31868131868
40.4	2.31746031746
40.5	2.31013431013
40.6	2.30891330891
40.7	2.30525030525
40.8	2.2967032967
40.9	2.2967032967
41	2.29304029304
41.1	2.2905982906
41.2	2.28693528694
41.3	2.28571428571
41.4	2.28083028083
41.5	2.27716727717
41.6	2.27594627595
41.7	2.27228327228
41.8	2.26617826618
41.9	2.26373626374
42	2.26617826618
42.1	2.25885225885
42.2	2.25763125763
42.3	2.25396825397
42.4	2.25030525031
42.5	2.24908424908
42.6	2.2442002442
42.7	2.24053724054
42.8	2.23931623932
42.9	2.23565323565
43	2.23199023199
43.1	2.22954822955
43.2	2.22710622711
43.3	2.22344322344
43.4	2.221001221
43.5	2.21733821734
43.6	2.2148962149
43.7	2.21245421245
43.8	2.21001221001
43.9	2.20390720391
44	2.20268620269
44.1	2.20024420024
44.2	2.1978021978
44.3	2.19536019536
44.4	2.1916971917
44.5	2.18803418803
44.6	2.18559218559
44.7	2.18437118437
44.8	2.17948717949
44.9	2.17704517705
45	2.1746031746
45.1	2.17216117216
45.2	2.1684981685
45.3	2.16605616606
45.4	2.16361416361
45.5	2.15995115995
45.6	2.15750915751
45.7	2.15384615385
45.8	2.1514041514
45.9	2.14652014652
46	2.14407814408
46.1	2.14163614164
46.2	2.14041514042
46.3	2.13553113553
46.4	2.13553113553
46.5	2.13064713065
46.6	2.12820512821
46.7	2.12576312576
46.8	2.12454212454
46.9	2.12087912088
47	2.11843711844
47.1	2.11721611722
47.2	2.11233211233
47.3	2.11111111111
47.4	2.10744810745
47.5	2.10378510379
47.6	2.10256410256
47.7	2.10012210012
47.8	2.09645909646
47.9	2.09401709402
48	2.09157509158
48.1	2.08913308913
48.2	2.08791208791
48.3	2.08547008547
48.4	2.08180708181
48.5	2.08058608059
48.6	2.07814407814
48.7	2.07692307692
48.8	2.07326007326
48.9	2.07326007326
49	2.06471306471
49.1	2.06593406593
49.2	2.06227106227
49.3	2.06227106227
49.4	2.05494505495
49.5	2.05494505495
49.6	2.04761904762
49.7	2.05006105006
49.8	2.04761904762
49.9	2.04029304029
50	2.04395604396
50.1	2.03907203907
50.2	2.03052503053
50.3	2.03052503053
50.4	2.0293040293
50.5	2.0293040293
50.6	2.02564102564
50.7	2.0231990232
50.8	2.02197802198
50.9	2.01831501832
51	2.01465201465
51.1	2.01221001221
51.2	2.00976800977
51.3	2.00854700855
51.4	2.00488400488
51.5	2.00244200244
51.6	2.00122100122
51.7	1.99755799756
51.8	1.99755799756
51.9	1.99389499389
52	1.99023199023
52.1	1.98778998779
52.2	1.98534798535
52.3	1.98534798535
52.4	1.98168498168
52.5	1.97802197802
52.6	1.9768009768
52.7	1.97557997558
52.8	1.97191697192
52.9	1.96825396825
53	1.96581196581
53.1	1.96459096459
53.2	1.96214896215
53.3	1.96092796093
53.4	1.95848595849
53.5	1.95604395604
53.6	1.9536019536
53.7	1.95115995116
53.8	1.94871794872
53.9	1.94627594628
54	1.94505494505
54.1	1.94017094017
54.2	1.93894993895
54.3	1.93772893773
54.4	1.93650793651
54.5	1.93284493284
54.6	1.92918192918
54.7	1.92796092796
54.8	1.92551892552
54.9	1.9242979243
55	1.92185592186
55.1	1.91941391941
55.2	1.91575091575
55.3	1.91452991453
55.4	1.91208791209
55.5	1.91086691087
55.6	1.90842490842
55.7	1.90476190476
55.8	1.90354090354
55.9	1.90231990232
56	1.9010989011
56.1	1.89865689866
56.2	1.89499389499
56.3	1.89255189255
56.4	1.89010989011
56.5	1.89010989011
56.6	1.88644688645
56.7	1.884004884
56.8	1.88156288156
56.9	1.88156288156
57	1.87912087912
57.1	1.87667887668
57.2	1.87179487179
57.3	1.87179487179
57.4	1.86935286935
57.5	1.86691086691
57.6	1.86446886447
57.7	1.86324786325
57.8	1.85958485958
57.9	1.85836385836
58	1.85714285714
58.1	1.85347985348
58.2	1.85103785104
58.3	1.84981684982
58.4	1.8485958486
58.5	1.84371184371
58.6	1.84493284493
58.7	1.84249084249
58.8	1.84004884005
58.9	1.83882783883
59	1.83638583639
59.1	1.83394383394
59.2	1.83028083028
59.3	1.82905982906
59.4	1.82783882784
59.5	1.82417582418
59.6	1.82417582418
59.7	1.82051282051
59.8	1.81929181929
59.9	1.81562881563
60	1.81562881563
60.1	1.81196581197
60.2	1.80952380952
60.3	1.80952380952
60.4	1.80708180708
60.5	1.80586080586
60.6	1.8021978022
60.7	1.80097680098
60.8	1.79975579976
60.9	1.79731379731
61	1.79487179487
61.1	1.79487179487
61.2	1.79242979243
61.3	1.78876678877
61.4	1.78754578755
61.5	1.7851037851
61.6	1.78388278388
61.7	1.78144078144
61.8	1.78021978022
61.9	1.77655677656
62	1.77533577534
62.1	1.77289377289
62.2	1.77167277167
62.3	1.77045177045
62.4	1.76800976801
62.5	1.76556776557
62.6	1.76312576313
62.7	1.7619047619
62.8	1.75946275946
62.9	1.75824175824
63	1.7557997558
63.1	1.75335775336
63.2	1.75335775336
63.3	1.74969474969
63.4	1.74969474969
63.5	1.74725274725
63.6	1.74358974359
63.7	1.74358974359
63.8	1.74114774115
63.9	1.73992673993
64	1.73626373626
64.1	1.73504273504
64.2	1.73382173382
64.3	1.73137973138
64.4	1.73015873016
64.5	1.72893772894
64.6	1.7264957265
64.7	1.7264957265
64.8	1.72161172161
64.9	1.72039072039
65	1.72039072039
65.1	1.71916971917
65.2	1.71428571429
65.3	1.71550671551
65.4	1.71184371184
65.5	1.71062271062
65.6	1.7094017094
65.7	1.70695970696
65.8	1.70451770452
65.9	1.70207570208
66	1.70085470085
66.1	1.69841269841
66.2	1.69841269841
66.3	1.69474969475
66.4	1.69352869353
66.5	1.69230769231
66.6	1.69108669109
66.7	1.68864468864
66.8	1.6862026862
66.9	1.68498168498
67	1.68253968254
67.1	1.68253968254
67.2	1.67887667888
67.3	1.67765567766
67.4	1.67643467643
67.5	1.67521367521
67.6	1.67155067155
67.7	1.67155067155
67.8	1.67032967033
67.9	1.66788766789
68	1.66544566545
68.1	1.66422466422
68.2	1.663003663
68.3	1.66178266178
68.4	1.65934065934
68.5	1.6568986569
68.6	1.65567765568
68.7	1.65323565324
68.8	1.65201465201
68.9	1.65079365079
69	1.64835164835
69.1	1.64590964591
69.2	1.64590964591
69.3	1.64468864469
69.4	1.64224664225
69.5	1.6398046398
69.6	1.63858363858
69.7	1.63736263736
69.8	1.63492063492
69.9	1.6336996337
70	1.63125763126
70.1	1.63003663004
70.2	1.62881562882
70.3	1.62759462759
70.4	1.62515262515
70.5	1.62393162393
70.6	1.62271062271
70.7	1.62148962149
70.8	1.61904761905
70.9	1.61660561661
71	1.61660561661
71.1	1.61416361416
71.2	1.61172161172
71.3	1.61172161172
71.4	1.60927960928
71.5	1.60805860806
71.6	1.60561660562
71.7	1.60561660562
71.8	1.60317460317
71.9	1.59951159951
72	1.59951159951
72.1	1.59706959707
72.2	1.59706959707
72.3	1.59584859585
72.4	1.59340659341
72.5	1.59218559219
72.6	1.58974358974
72.7	1.58852258852
72.8	1.5873015873
72.9	1.58608058608
73	1.58363858364
73.1	1.58241758242
73.2	1.57997557998
73.3	1.57875457875
73.4	1.57753357753
73.5	1.57631257631
73.6	1.57387057387
73.7	1.57387057387
73.8	1.57142857143
73.9	1.57020757021
74	1.56776556777
74.1	1.56776556777
74.2	1.56532356532
74.3	1.5641025641
74.4	1.56166056166
74.5	1.557997558
74.6	1.557997558
74.7	1.557997558
74.8	1.55433455433
74.9	1.55433455433
75	1.55311355311
75.1	1.55067155067
75.2	1.55067155067
75.3	1.54945054945
75.4	1.54578754579
75.5	1.54456654457
75.6	1.54334554335
75.7	1.54212454212
75.8	1.5409035409
75.9	1.53846153846
76	1.53846153846
76.1	1.53724053724
76.2	1.5347985348
76.3	1.53357753358
76.4	1.52991452991
76.5	1.52991452991
76.6	1.52869352869
76.7	1.52747252747
76.8	1.52625152625
76.9	1.52380952381
77	1.52258852259
77.1	1.52136752137
77.2	1.51892551893
77.3	1.51892551893
77.4	1.5177045177
77.5	1.51526251526
77.6	1.51526251526
77.7	1.51404151404
77.8	1.5115995116
77.9	1.5115995116
78	1.50915750916
78.1	1.50793650794
78.2	1.50671550672
78.3	1.50427350427
78.4	1.50305250305
78.5	1.50061050061
78.6	1.49938949939
78.7	1.49816849817
78.8	1.49816849817
78.9	1.49572649573
79	1.49450549451
79.1	1.49206349206
79.2	1.49084249084
79.3	1.48962148962
79.4	1.4884004884
79.5	1.48595848596
79.6	1.48595848596
79.7	1.48595848596
79.8	1.4822954823
79.9	1.47985347985
80	1.47985347985
80.1	1.47863247863
80.2	1.47741147741
80.3	1.47619047619
80.4	1.47496947497
80.5	1.47252747253
80.6	1.47252747253
80.7	1.47008547009
80.8	1.46886446886
80.9	1.46764346764
81	1.46764346764
81.1	1.46398046398
81.2	1.46398046398
81.3	1.46275946276
81.4	1.46153846154
81.5	1.4590964591
81.6	1.45787545788
81.7	1.45787545788
81.8	1.45543345543
81.9	1.45543345543
82	1.45299145299
82.1	1.45054945055
82.2	1.44932844933
82.3	1.44932844933
82.4	1.44688644689
82.5	1.44566544567
82.6	1.44322344322
82.7	1.442002442
82.8	1.442002442
82.9	1.44078144078
83	1.43956043956
83.1	1.43711843712
83.2	1.4358974359
83.3	1.4358974359
83.4	1.43467643468
83.5	1.43101343101
83.6	1.43101343101
83.7	1.43101343101
83.8	1.42857142857
83.9	1.42857142857
84	1.42612942613
84.1	1.42368742369
84.2	1.42368742369
84.3	1.42246642247
84.4	1.42002442002
84.5	1.42002442002
84.6	1.41758241758
84.7	1.41636141636
84.8	1.41636141636
84.9	1.41514041514
85	1.41391941392
85.1	1.4126984127
85.2	1.41147741148
85.3	1.41025641026
85.4	1.40781440781
85.5	1.40781440781
85.6	1.40537240537
85.7	1.40415140415
85.8	1.40170940171
85.9	1.40170940171
86	1.39926739927
86.1	1.39926739927
86.2	1.39804639805
86.3	1.39682539683
86.4	1.39682539683
86.5	1.3956043956
86.6	1.39316239316
86.7	1.39194139194
86.8	1.39072039072
86.9	1.3894993895
87	1.3894993895
87.1	1.38827838828
87.2	1.38583638584
87.3	1.38461538462
87.4	1.38217338217
87.5	1.38217338217
87.6	1.38095238095
87.7	1.37851037851
87.8	1.37851037851
87.9	1.37728937729
88	1.37484737485
88.1	1.37484737485
88.2	1.37362637363
88.3	1.37118437118
88.4	1.37240537241
88.5	1.36874236874
88.6	1.36752136752
88.7	1.36752136752
88.8	1.3663003663
88.9	1.36507936508
89	1.36385836386
89.1	1.36263736264
89.2	1.36141636142
89.3	1.3601953602
89.4	1.35897435897
89.5	1.35775335775
89.6	1.35653235653
89.7	1.35531135531
89.8	1.35409035409
89.9	1.35409035409
90	1.35164835165
90.1	1.35042735043
90.2	1.35042735043
90.3	1.34920634921
90.4	1.34798534799
90.5	1.34554334554
90.6	1.34432234432
90.7	1.34432234432
90.8	1.34432234432
90.9	1.3431013431
91	1.34065934066
91.1	1.33821733822
91.2	1.33821733822
91.3	1.33821733822
91.4	1.33577533578
91.5	1.33455433455
91.6	1.33333333333
91.7	1.33211233211
91.8	1.33211233211
91.9	1.33089133089
92	1.32844932845
92.1	1.32722832723
92.2	1.32600732601
92.3	1.32600732601
92.4	1.32356532357
92.5	1.32234432234
92.6	1.3199023199
92.7	1.32112332112
92.8	1.3199023199
92.9	1.31868131868
93	1.31746031746
93.1	1.31746031746
93.2	1.31623931624
93.3	1.31501831502
93.4	1.31257631258
93.5	1.31257631258
93.6	1.31013431013
93.7	1.31013431013
93.8	1.31013431013
93.9	1.30769230769
94	1.30647130647
94.1	1.30647130647
94.2	1.30525030525
94.3	1.30280830281
94.4	1.30158730159
94.5	1.30158730159
94.6	1.30036630037
94.7	1.29792429792
94.8	1.2967032967
94.9	1.29548229548
95	1.29548229548
95.1	1.29426129426
95.2	1.29304029304
95.3	1.29304029304
95.4	1.29181929182
95.5	1.2905982906
95.6	1.2905982906
95.7	1.28937728938
95.8	1.28693528694
95.9	1.28571428571
96	1.28449328449
96.1	1.28449328449
96.2	1.28205128205
96.3	1.28083028083
96.4	1.27960927961
96.5	1.27960927961
96.6	1.27838827839
96.7	1.27716727717
96.8	1.27594627595
96.9	1.27594627595
97	1.27472527473
97.1	1.27228327228
97.2	1.27228327228
97.3	1.27106227106
97.4	1.26984126984
97.5	1.26984126984
97.6	1.2673992674
97.7	1.26617826618
97.8	1.26617826618
97.9	1.26495726496
98	1.26495726496
98.1	1.26373626374
98.2	1.26129426129
98.3	1.26007326007
98.4	1.26129426129
98.5	1.25763125763
98.6	1.25885225885
98.7	1.25763125763
98.8	1.25641025641
98.9	1.25518925519
99	1.25274725275
99.1	1.25274725275
99.2	1.25274725275
99.3	1.25274725275
99.4	1.25030525031
99.5	1.24786324786
99.6	1.24664224664
99.7	1.24542124542
99.8	1.24542124542
99.9	1.24542124542
100	1.24297924298
100.1	1.24175824176
100.2	1.24053724054
100.3	1.24053724054
100.4	1.23931623932
100.5	1.23931623932
100.6	1.23687423687
100.7	1.23565323565
100.8	1.23565323565
100.9	1.23443223443
101	1.23321123321
101.1	1.23321123321
101.2	1.23199023199
101.3	1.23076923077
101.4	1.22954822955
101.5	1.22832722833
101.6	1.22832722833
101.7	1.22710622711
101.8	1.22466422466
101.9	1.22466422466
102	1.22344322344
102.1	1.221001221
102.2	1.221001221
102.3	1.21978021978
102.4	1.21855921856
102.5	1.21855921856
102.6	1.21733821734
102.7	1.21611721612
102.8	1.21611721612
102.9	1.21611721612
103	1.21367521368
103.1	1.21367521368
103.2	1.21245421245
103.3	1.21245421245
103.4	1.21001221001
103.5	1.21001221001
103.6	1.20757020757
103.7	1.20879120879
103.8	1.20757020757
103.9	1.20390720391
104	1.20512820513
104.1	1.20390720391
104.2	1.20268620269
104.3	1.20146520147
104.4	1.20146520147
104.5	1.20024420024
104.6	1.19902319902
104.7	1.1978021978
104.8	1.19536019536
104.9	1.19658119658
105	1.19536019536
105.1	1.19413919414
105.2	1.19291819292
105.3	1.19291819292
105.4	1.1916971917
105.5	1.18925518926
105.6	1.19047619048
105.7	1.18803418803
105.8	1.18925518926
105.9	1.18681318681
106	1.18559218559
106.1	1.18559218559
106.2	1.18437118437
106.3	1.18315018315
106.4	1.18192918193
106.5	1.18070818071
106.6	1.18070818071
106.7	1.17948717949
106.8	1.17948717949
106.9	1.17704517705
107	1.17826617827
107.1	1.17582417582
107.2	1.1746031746
107.3	1.1746031746
107.4	1.1746031746
107.5	1.17216117216
107.6	1.17338217338
107.7	1.16971916972
107.8	1.1684981685
107.9	1.16727716728
108	1.1684981685
108.1	1.16727716728
108.2	1.16605616606
108.3	1.16605616606
108.4	1.16483516484
108.5	1.16361416361
108.6	1.16239316239
108.7	1.16239316239
108.8	1.16117216117
108.9	1.15995115995
109	1.15873015873
109.1	1.15995115995
109.2	1.15750915751
109.3	1.15750915751
109.4	1.15506715507
109.5	1.15384615385
109.6	1.15262515263
109.7	1.15506715507
109.8	1.15262515263
109.9	1.14896214896
110	1.15018315018
110.1	1.15018315018
110.2	1.14896214896
110.3	1.14774114774
110.4	1.1452991453
110.5	1.14652014652
110.6	1.1452991453
110.7	1.14407814408
110.8	1.14285714286
110.9	1.14285714286
111	1.14163614164
111.1	1.14041514042
111.2	1.14163614164
111.3	1.13919413919
111.4	1.13797313797
111.5	1.13797313797
111.6	1.13797313797
111.7	1.13675213675
111.8	1.13553113553
111.9	1.13553113553
112	1.13308913309
112.1	1.13308913309
112.2	1.13308913309
112.3	1.12942612943
112.4	1.13186813187
112.5	1.12942612943
112.6	1.12698412698
112.7	1.12698412698
112.8	1.12820512821
112.9	1.12576312576
113	1.12698412698
113.1	1.12454212454
113.2	1.12454212454
113.3	1.12332112332
113.4	1.1221001221
113.5	1.12087912088
113.6	1.11965811966
113.7	1.11965811966
113.8	1.11965811966
113.9	1.11721611722
114	1.11721611722
114.1	1.11721611722
114.2	1.11477411477
114.3	1.11477411477
114.4	1.115995116
114.5	1.11355311355
114.6	1.11111111111
114.7	1.10989010989
114.8	1.10989010989
114.9	1.10989010989
115	1.10989010989
115.1	1.10866910867
115.2	1.10744810745
115.3	1.10866910867
115.4	1.10622710623
115.5	1.10500610501
115.6	1.10500610501
115.7	1.10378510379
115.8	1.10378510379
115.9	1.10134310134
116	1.10134310134
116.1	1.10012210012
116.2	1.0989010989
116.3	1.10012210012
116.4	1.0989010989
116.5	1.09768009768
116.6	1.09645909646
116.7	1.09523809524
116.8	1.09523809524
116.9	1.09645909646
117	1.09401709402
117.1	1.09157509158
117.2	1.0927960928
117.3	1.09157509158
117.4	1.08913308913
117.5	1.08791208791
117.6	1.08669108669
117.7	1.08791208791
117.8	1.08669108669
117.9	1.08669108669
118	1.08547008547
118.1	1.08424908425
118.2	1.08302808303
118.3	1.08302808303
118.4	1.08180708181
118.5	1.08180708181
118.6	1.08058608059
118.7	1.07936507937
118.8	1.08058608059
118.9	1.07936507937
119	1.07814407814
119.1	1.07692307692
119.2	1.0757020757
119.3	1.07692307692
119.4	1.07448107448
119.5	1.07326007326
119.6	1.07326007326
119.7	1.07203907204
119.8	1.07081807082
119.9	1.07081807082
120	1.07081807082
120.1	1.0695970696
120.2	1.06837606838
120.3	1.06837606838
120.4	1.06715506716
120.5	1.06715506716
120.6	1.06593406593
120.7	1.06471306471
120.8	1.06471306471
120.9	1.06349206349
121	1.06349206349
121.1	1.06349206349
121.2	1.06105006105
121.3	1.06105006105
121.4	1.06227106227
121.5	1.05982905983
121.6	1.05860805861
121.7	1.05738705739
121.8	1.05738705739
121.9	1.05616605617
122	1.05738705739
122.1	1.05494505495
122.2	1.05494505495
122.3	1.05372405372
122.4	1.0525030525
122.5	1.05128205128
122.6	1.05128205128
122.7	1.05006105006
122.8	1.05006105006
122.9	1.04884004884
123	1.04884004884
123.1	1.04761904762
123.2	1.04761904762
123.3	1.0463980464
123.4	1.0463980464
123.5	1.04517704518
123.6	1.04517704518
123.7	1.04273504274
123.8	1.04517704518
123.9	1.04273504274
124	1.04273504274
124.1	1.04029304029
124.2	1.04029304029
124.3	1.03907203907
124.4	1.04029304029
124.5	1.03907203907
124.6	1.03663003663
124.7	1.03663003663
124.8	1.03663003663
124.9	1.03540903541
125	1.03540903541
125.1	1.03418803419
125.2	1.03418803419
125.3	1.03174603175
125.4	1.03174603175
125.5	1.03174603175
125.6	1.03174603175
125.7	1.03052503053
125.8	1.02686202686
125.9	1.02808302808
126	1.02808302808
126.1	1.02808302808
126.2	1.02808302808
126.3	1.02564102564
126.4	1.02564102564
126.5	1.02564102564
126.6	1.02442002442
126.7	1.0231990232
126.8	1.0231990232
126.9	1.0231990232
127	1.02075702076
127.1	1.01953601954
127.2	1.02197802198
127.3	1.01831501832
127.4	1.01831501832
127.5	1.01831501832
127.6	1.01709401709
127.7	1.01709401709
127.8	1.01343101343
127.9	1.01465201465
128	1.01465201465
128.1	1.01343101343
128.2	1.01221001221
128.3	1.01221001221
128.4	1.01221001221
128.5	1.01098901099
128.6	1.01098901099
128.7	1.00976800977
128.8	1.00732600733
128.9	1.00976800977
129	1.00854700855
129.1	1.00732600733
129.2	1.00610500611
129.3	1.00732600733
129.4	1.00732600733
129.5	1.00610500611
129.6	1.00366300366
129.7	1.00366300366
129.8	1.00244200244
129.9	1.00244200244
130	1.00122100122
130.1	1.00122100122
130.2	1
130.3	0.997557997558
130.4	1
130.5	0.998778998779
130.6	0.997557997558
130.7	0.997557997558
130.8	0.997557997558
130.9	0.996336996337
131	0.995115995116
131.1	0.993894993895
131.2	0.993894993895
131.3	0.993894993895
131.4	0.992673992674
131.5	0.991452991453
131.6	0.992673992674
131.7	0.991452991453
131.8	0.991452991453
131.9	0.989010989011
132	0.989010989011
132.1	0.989010989011
132.2	0.989010989011
132.3	0.986568986569
132.4	0.986568986569
132.5	0.986568986569
132.6	0.985347985348
132.7	0.985347985348
132.8	0.984126984127
132.9	0.984126984127
133	0.982905982906
133.1	0.982905982906
133.2	0.981684981685
133.3	0.980463980464
133.4	0.980463980464
133.5	0.980463980464
133.6	0.979242979243
133.7	0.979242979243
133.8	0.978021978022
133.9	0.978021978022
134	0.978021978022
134.1	0.97557997558
134.2	0.97557997558
134.3	0.974358974359
134.4	0.973137973138
134.5	0.973137973138
134.6	0.973137973138
134.7	0.971916971917
134.8	0.971916971917
134.9	0.971916971917
135	0.969474969475
135.1	0.969474969475
135.2	0.969474969475
135.3	0.969474969475
135.4	0.968253968254
135.5	0.967032967033
135.6	0.967032967033
135.7	0.965811965812
135.8	0.967032967033
135.9	0.965811965812
136	0.965811965812
136.1	0.965811965812
136.2	0.964590964591
136.3	0.96336996337
136.4	0.96336996337
136.5	0.96336996337
136.6	0.962148962149
136.7	0.960927960928
136.8	0.959706959707
136.9	0.960927960928
137	0.959706959707
137.1	0.959706959707
137.2	0.958485958486
137.3	0.958485958486
137.4	0.956043956044
137.5	0.954822954823
137.6	0.956043956044
137.7	0.956043956044
137.8	0.954822954823
137.9	0.954822954823
138	0.953601953602
138.1	0.953601953602
138.2	0.953601953602
138.3	0.952380952381
138.4	0.952380952381
138.5	0.949938949939
138.6	0.949938949939
138.7	0.949938949939
138.8	0.948717948718
138.9	0.948717948718
139	0.947496947497
139.1	0.946275946276
139.2	0.947496947497
139.3	0.946275946276
139.4	0.946275946276
139.5	0.945054945055
139.6	0.946275946276
139.7	0.945054945055
139.8	0.943833943834
139.9	0.943833943834
140	0.942612942613
140.1	0.941391941392
140.2	0.941391941392
140.3	0.940170940171
140.4	0.940170940171
140.5	0.940170940171
140.6	0.940170940171
140.7	0.940170940171
140.8	0.93894993895
140.9	0.937728937729
141	0.937728937729
141.1	0.937728937729
141.2	0.935286935287
141.3	0.935286935287
141.4	0.935286935287
141.5	0.934065934066
141.6	0.932844932845
141.7	0.932844932845
141.8	0.934065934066
141.9	0.931623931624
142	0.931623931624
142.1	0.930402930403
142.2	0.930402930403
142.3	0.929181929182
142.4	0.930402930403
142.5	0.927960927961
142.6	0.927960927961
142.7	0.927960927961
142.8	0.929181929182
142.9	0.925518925519
143	0.925518925519
143.1	0.925518925519
143.2	0.925518925519
143.3	0.925518925519
143.4	0.924297924298
143.5	0.924297924298
143.6	0.923076923077
143.7	0.923076923077
143.8	0.923076923077
143.9	0.923076923077
144	0.921855921856
144.1	0.920634920635
144.2	0.920634920635
144.3	0.920634920635
144.4	0.919413919414
144.5	0.919413919414
144.6	0.918192918193
144.7	0.916971916972
144.8	0.916971916972
144.9	0.915750915751
145	0.915750915751
145.1	0.91452991453
145.2	0.91452991453
145.3	0.91452991453
145.4	0.91452991453
145.5	0.913308913309
145.6	0.913308913309
145.7	0.913308913309
145.8	0.912087912088
145.9	0.912087912088
146	0.910866910867
146.1	0.910866910867
146.2	0.909645909646
146.3	0.909645909646
146.4	0.909645909646
146.5	0.908424908425
146.6	0.908424908425
146.7	0.905982905983
146.8	0.907203907204
146.9	0.905982905983
147	0.905982905983
147.1	0.905982905983
147.2	0.905982905983
147.3	0.905982905983
147.4	0.903540903541
147.5	0.903540903541
147.6	0.903540903541
147.7	0.903540903541
147.8	0.90231990232
147.9	0.90231990232
148	0.901098901099
148.1	0.901098901099
148.2	0.901098901099
148.3	0.899877899878
148.4	0.899877899878
148.5	0.898656898657
148.6	0.897435897436
148.7	0.898656898657
148.8	0.897435897436
148.9	0.896214896215
149	0.896214896215
149.1	0.894993894994
149.2	0.894993894994
149.3	0.894993894994
149.4	0.894993894994
149.5	0.893772893773
149.6	0.894993894994
149.7	0.893772893773
149.8	0.893772893773
149.9	0.893772893773
150	0.892551892552
150.1	0.891330891331
150.2	0.89010989011
150.3	0.89010989011
150.4	0.89010989011
150.5	0.888888888889
150.6	0.888888888889
150.7	0.887667887668
150.8	0.888888888889
150.9	0.887667887668
151	0.887667887668
151.1	0.885225885226
151.2	0.887667887668
151.3	0.886446886447
151.4	0.885225885226
151.5	0.884004884005
151.6	0.884004884005
151.7	0.884004884005
151.8	0.882783882784
151.9	0.882783882784
152	0.884004884005
152.1	0.881562881563
152.2	0.882783882784
152.3	0.880341880342
152.4	0.880341880342
152.5	0.879120879121
152.6	0.879120879121
152.7	0.879120879121
152.8	0.879120879121
152.9	0.879120879121
153	0.8778998779
153.1	0.8778998779
153.2	0.876678876679
153.3	0.876678876679
153.4	0.875457875458
153.5	0.876678876679
153.6	0.874236874237
153.7	0.874236874237
153.8	0.875457875458
153.9	0.874236874237
154	0.873015873016
154.1	0.873015873016
154.2	0.871794871795
154.3	0.873015873016
154.4	0.871794871795
154.5	0.871794871795
154.6	0.870573870574
154.7	0.870573870574
154.8	0.869352869353
154.9	0.869352869353
155	0.870573870574
155.1	0.869352869353
155.2	0.869352869353
155.3	0.866910866911
155.4	0.868131868132
155.5	0.866910866911
155.6	0.866910866911
155.7	0.86568986569
155.8	0.86568986569
155.9	0.864468864469
156	0.86568986569
156.1	0.864468864469
156.2	0.86568986569
156.3	0.864468864469
156.4	0.864468864469
156.5	0.862026862027
156.6	0.862026862027
156.7	0.860805860806
156.8	0.862026862027
156.9	0.860805860806
157	0.860805860806
157.1	0.860805860806
157.2	0.860805860806
157.3	0.859584859585
157.4	0.859584859585
157.5	0.859584859585
157.6	0.859584859585
157.7	0.858363858364
157.8	0.857142857143
157.9	0.855921855922
158	0.855921855922
158.1	0.855921855922
158.2	0.854700854701
158.3	0.854700854701
158.4	0.854700854701
158.5	0.854700854701
158.6	0.85347985348
158.7	0.85347985348
158.8	0.85347985348
158.9	0.85347985348
159	0.852258852259
159.1	0.852258852259
159.2	0.851037851038
159.3	0.848595848596
159.4	0.849816849817
159.5	0.851037851038
159.6	0.851037851038
159.7	0.848595848596
159.8	0.848595848596
159.9	0.849816849817
160	0.847374847375
160.1	0.848595848596
160.2	0.847374847375
160.3	0.847374847375
160.4	0.847374847375
160.5	0.846153846154
160.6	0.844932844933
160.7	0.844932844933
160.8	0.844932844933
160.9	0.844932844933
161	0.843711843712
161.1	0.843711843712
161.2	0.843711843712
161.3	0.842490842491
161.4	0.843711843712
161.5	0.842490842491
161.6	0.842490842491
161.7	0.84126984127
161.8	0.84126984127
161.9	0.84126984127
162	0.840048840049
162.1	0.840048840049
162.2	0.838827838828
162.3	0.840048840049
162.4	0.840048840049
162.5	0.836385836386
162.6	0.837606837607
162.7	0.837606837607
162.8	0.836385836386
162.9	0.835164835165
163	0.836385836386
163.1	0.835164835165
163.2	0.835164835165
163.3	0.835164835165
163.4	0.837606837607
163.5	0.835164835165
163.6	0.835164835165
163.7	0.833943833944
163.8	0.832722832723
163.9	0.832722832723
164	0.832722832723
164.1	0.833943833944
164.2	0.831501831502
164.3	0.830280830281
164.4	0.830280830281
164.5	0.830280830281
164.6	0.831501831502
164.7	0.830280830281
164.8	0.830280830281
164.9	0.830280830281
165	0.830280830281
165.1	0.82905982906
165.2	0.82905982906
165.3	0.82905982906
165.4	0.827838827839
165.5	0.827838827839
165.6	0.827838827839
165.7	0.825396825397
165.8	0.825396825397
165.9	0.824175824176
166	0.824175824176
166.1	0.824175824176
166.2	0.825396825397
166.3	0.825396825397
166.4	0.824175824176
166.5	0.822954822955
166.6	0.822954822955
166.7	0.822954822955
166.8	0.822954822955
166.9	0.822954822955
167	0.821733821734
167.1	0.821733821734
167.2	0.821733821734
167.3	0.821733821734
167.4	0.821733821734
167.5	0.820512820513
167.6	0.820512820513
167.7	0.820512820513
167.8	0.818070818071
167.9	0.818070818071
168	0.81684981685
168.1	0.818070818071
168.2	0.815628815629
168.3	0.81684981685
168.4	0.815628815629
168.5	0.81684981685
168.6	0.815628815629
168.7	0.814407814408
168.8	0.814407814408
168.9	0.814407814408
169	0.813186813187
169.1	0.814407814408
169.2	0.813186813187
169.3	0.811965811966
169.4	0.814407814408
169.5	0.814407814408
169.6	0.814407814408
169.7	0.811965811966
169.8	0.813186813187
169.9	0.810744810745
170	0.811965811966
170.1	0.811965811966
170.2	0.810744810745
170.3	0.810744810745
170.4	0.809523809524
170.5	0.809523809524
170.6	0.808302808303
170.7	0.809523809524
170.8	0.808302808303
170.9	0.808302808303
171	0.807081807082
171.1	0.808302808303
171.2	0.808302808303
171.3	0.807081807082
171.4	0.807081807082
171.5	0.807081807082
171.6	0.807081807082
171.7	0.805860805861
171.8	0.80463980464
171.9	0.805860805861
172	0.805860805861
172.1	0.80463980464
172.2	0.80463980464
172.3	0.803418803419
172.4	0.80463980464
172.5	0.802197802198
172.6	0.802197802198
172.7	0.802197802198
172.8	0.802197802198
172.9	0.802197802198
173	0.800976800977
173.1	0.800976800977
173.2	0.799755799756
173.3	0.800976800977
173.4	0.799755799756
173.5	0.798534798535
173.6	0.798534798535
173.7	0.798534798535
173.8	0.798534798535
173.9	0.796092796093
174	0.797313797314
174.1	0.798534798535
174.2	0.797313797314
174.3	0.796092796093
174.4	0.797313797314
174.5	0.797313797314
174.6	0.796092796093
174.7	0.794871794872
174.8	0.796092796093
174.9	0.796092796093
175	0.794871794872
175.1	0.794871794872
175.2	0.793650793651
175.3	0.793650793651
175.4	0.793650793651
175.5	0.794871794872
175.6	0.793650793651
175.7	0.79242979243
175.8	0.79242979243
175.9	0.79242979243
176	0.79242979243
176.1	0.791208791209
176.2	0.791208791209
176.3	0.791208791209
176.4	0.791208791209
176.5	0.789987789988
176.6	0.788766788767
176.7	0.789987789988
176.8	0.788766788767
176.9	0.787545787546
177	0.788766788767
177.1	0.787545787546
177.2	0.788766788767
177.3	0.787545787546
177.4	0.786324786325
177.5	0.787545787546
177.6	0.787545787546
177.7	0.787545787546
177.8	0.785103785104
177.9	0.786324786325
178	0.785103785104
178.1	0.786324786325
178.2	0.785103785104
178.3	0.783882783883
178.4	0.785103785104
178.5	0.783882783883
178.6	0.783882783883
178.7	0.783882783883
178.8	0.783882783883
178.9	0.782661782662
179	0.783882783883
179.1	0.782661782662
179.2	0.781440781441
179.3	0.781440781441
179.4	0.781440781441
179.5	0.781440781441
179.6	0.781440781441
179.7	0.778998778999
179.8	0.778998778999
179.9	0.781440781441
180	0.778998778999
180.1	0.778998778999
180.2	0.778998778999
180.3	0.777777777778
180.4	0.778998778999
180.5	0.777777777778
180.6	0.778998778999
180.7	0.777777777778
180.8	0.776556776557
180.9	0.776556776557
181	0.776556776557
181.1	0.776556776557
181.2	0.776556776557
181.3	0.775335775336
181.4	0.775335775336
181.5	0.774114774115
181.6	0.774114774115
181.7	0.774114774115
181.8	0.774114774115
181.9	0.774114774115
182	0.774114774115
182.1	0.774114774115
182.2	0.774114774115
182.3	0.772893772894
182.4	0.772893772894
182.5	0.772893772894
182.6	0.771672771673
182.7	0.771672771673
182.8	0.771672771673
182.9	0.771672771673
183	0.771672771673
183.1	0.771672771673
183.2	0.769230769231
183.3	0.770451770452
183.4	0.769230769231
183.5	0.769230769231
183.6	0.769230769231
183.7	0.770451770452
183.8	0.769230769231
183.9	0.76800976801
184	0.76800976801
184.1	0.76800976801
184.2	0.766788766789
184.3	0.766788766789
184.4	0.76800976801
184.5	0.765567765568
184.6	0.76800976801
184.7	0.76800976801
184.8	0.766788766789
184.9	0.765567765568
185	0.765567765568
185.1	0.764346764347
185.2	0.764346764347
185.3	0.765567765568
185.4	0.764346764347
185.5	0.764346764347
185.6	0.764346764347
185.7	0.765567765568
185.8	0.764346764347
185.9	0.763125763126
186	0.763125763126
186.1	0.761904761905
186.2	0.761904761905
186.3	0.761904761905
186.4	0.763125763126
186.5	0.761904761905
186.6	0.761904761905
186.7	0.759462759463
186.8	0.761904761905
186.9	0.759462759463
187	0.761904761905
187.1	0.761904761905
187.2	0.759462759463
187.3	0.759462759463
187.4	0.758241758242
187.5	0.758241758242
187.6	0.759462759463
187.7	0.759462759463
187.8	0.758241758242
187.9	0.758241758242
188	0.757020757021
188.1	0.757020757021
188.2	0.757020757021
188.3	0.758241758242
188.4	0.757020757021
188.5	0.757020757021
188.6	0.757020757021
188.7	0.7557997558
188.8	0.7557997558
188.9	0.7557997558
189	0.753357753358
189.1	0.754578754579
189.2	0.754578754579
189.3	0.753357753358
189.4	0.7557997558
189.5	0.754578754579
189.6	0.754578754579
189.7	0.754578754579
189.8	0.753357753358
189.9	0.753357753358
190	0.752136752137
190.1	0.753357753358
190.2	0.752136752137
190.3	0.752136752137
190.4	0.752136752137
190.5	0.752136752137
190.6	0.750915750916
190.7	0.750915750916
190.8	0.752136752137
190.9	0.750915750916
191	0.750915750916
191.1	0.749694749695
191.2	0.749694749695
191.3	0.749694749695
191.4	0.749694749695
191.5	0.750915750916
191.6	0.749694749695
191.7	0.749694749695
191.8	0.749694749695
191.9	0.747252747253
192	0.748473748474
192.1	0.748473748474
192.2	0.747252747253
192.3	0.748473748474
192.4	0.747252747253
192.5	0.747252747253
192.6	0.747252747253
192.7	0.746031746032
192.8	0.746031746032
192.9	0.746031746032
193	0.746031746032
193.1	0.746031746032
193.2	0.744810744811
193.3	0.746031746032
193.4	0.744810744811
193.5	0.744810744811
193.6	0.74358974359
193.7	0.74358974359
193.8	0.74358974359
193.9	0.74358974359
194	0.74358974359
194.1	0.744810744811
194.2	0.74358974359
194.3	0.742368742369
194.4	0.742368742369
194.5	0.742368742369
194.6	0.742368742369
194.7	0.742368742369
194.8	0.742368742369
194.9	0.739926739927
195	0.739926739927
195.1	0.739926739927
195.2	0.739926739927
195.3	0.739926739927
195.4	0.739926739927
195.5	0.739926739927
195.6	0.739926739927
195.7	0.738705738706
195.8	0.738705738706
195.9	0.738705738706
196	0.738705738706
196.1	0.737484737485
196.2	0.739926739927
196.3	0.737484737485
196.4	0.737484737485
196.5	0.737484737485
196.6	0.737484737485
196.7	0.737484737485
196.8	0.736263736264
196.9	0.735042735043
197	0.737484737485
197.1	0.736263736264
197.2	0.736263736264
197.3	0.736263736264
197.4	0.735042735043
197.5	0.735042735043
197.6	0.736263736264
197.7	0.735042735043
197.8	0.735042735043
197.9	0.735042735043
198	0.735042735043
198.1	0.733821733822
198.2	0.733821733822
198.3	0.732600732601
198.4	0.732600732601
198.5	0.733821733822
198.6	0.732600732601
198.7	0.732600732601
198.8	0.732600732601
198.9	0.732600732601
199	0.732600732601
199.1	0.732600732601
199.2	0.73137973138
199.3	0.732600732601
199.4	0.73137973138
199.5	0.73137973138
199.6	0.730158730159
199.7	0.73137973138
199.8	0.73137973138
199.9	0.730158730159
200	0.73137973138
200.1	0.730158730159
200.2	0.730158730159
200.3	0.730158730159
200.4	0.728937728938
200.5	0.730158730159
200.6	0.728937728938
200.7	0.728937728938
200.8	0.728937728938
200.9	0.728937728938
201	0.727716727717
201.1	0.727716727717
201.2	0.727716727717
201.3	0.728937728938
201.4	0.726495726496
201.5	0.727716727717
201.6	0.726495726496
201.7	0.726495726496
201.8	0.726495726496
201.9	0.725274725275
202	0.726495726496
202.1	0.726495726496
202.2	0.727716727717
202.3	0.725274725275
202.4	0.725274725275
202.5	0.725274725275
202.6	0.725274725275
202.7	0.725274725275
202.8	0.725274725275
202.9	0.724053724054
203	0.725274725275
203.1	0.724053724054
203.2	0.724053724054
203.3	0.724053724054
203.4	0.722832722833
203.5	0.724053724054
203.6	0.722832722833
203.7	0.724053724054
203.8	0.724053724054
203.9	0.722832722833
204	0.722832722833
204.1	0.721611721612
204.2	0.720390720391
204.3	0.721611721612
204.4	0.722832722833
204.5	0.722832722833
204.6	0.720390720391
204.7	0.720390720391
204.8	0.720390720391
204.9	0.720390720391
205	0.720390720391
205.1	0.720390720391
205.2	0.720390720391
205.3	0.71916971917
205.4	0.717948717949
205.5	0.71916971917
205.6	0.71916971917
205.7	0.720390720391
205.8	0.71916971917
205.9	0.717948717949
206	0.717948717949
206.1	0.71916971917
206.2	0.71916971917
206.3	0.717948717949
206.4	0.716727716728
206.5	0.717948717949
206.6	0.716727716728
206.7	0.716727716728
206.8	0.715506715507
206.9	0.716727716728
207	0.715506715507
207.1	0.717948717949
207.2	0.715506715507
207.3	0.716727716728
207.4	0.715506715507
207.5	0.715506715507
207.6	0.716727716728
207.7	0.715506715507
207.8	0.715506715507
207.9	0.714285714286
208	0.715506715507
208.1	0.714285714286
208.2	0.714285714286
208.3	0.713064713065
208.4	0.714285714286
208.5	0.713064713065
208.6	0.716727716728
208.7	0.713064713065
208.8	0.714285714286
208.9	0.713064713065
209	0.713064713065
209.1	0.711843711844
209.2	0.713064713065
209.3	0.713064713065
209.4	0.713064713065
209.5	0.710622710623
209.6	0.713064713065
209.7	0.713064713065
209.8	0.711843711844
209.9	0.711843711844
210	0.710622710623
210.1	0.709401709402
210.2	0.710622710623
210.3	0.709401709402
210.4	0.710622710623
210.5	0.709401709402
210.6	0.711843711844
210.7	0.708180708181
210.8	0.709401709402
210.9	0.710622710623
211	0.708180708181
211.1	0.709401709402
211.2	0.710622710623
211.3	0.709401709402
211.4	0.709401709402
211.5	0.709401709402
211.6	0.70695970696
211.7	0.708180708181
211.8	0.70695970696
211.9	0.708180708181
212	0.708180708181
212.1	0.708180708181
212.2	0.709401709402
212.3	0.70695970696
212.4	0.708180708181
212.5	0.70695970696
212.6	0.70695970696
212.7	0.70695970696
212.8	0.70695970696
212.9	0.70695970696
213	0.70695970696
213.1	0.705738705739
213.2	0.705738705739
213.3	0.705738705739
213.4	0.705738705739
213.5	0.704517704518
213.6	0.704517704518
213.7	0.703296703297
213.8	0.705738705739
213.9	0.704517704518
214	0.705738705739
214.1	0.705738705739
214.2	0.704517704518
214.3	0.704517704518
214.4	0.704517704518
214.5	0.704517704518
214.6	0.703296703297
214.7	0.704517704518
214.8	0.703296703297
214.9	0.703296703297
215	0.703296703297
215.1	0.703296703297
215.2	0.702075702076
215.3	0.700854700855
215.4	0.703296703297
215.5	0.699633699634
215.6	0.703296703297
215.7	0.703296703297
215.8	0.703296703297
215.9	0.703296703297
216	0.703296703297
216.1	0.699633699634
216.2	0.702075702076
216.3	0.699633699634
216.4	0.700854700855
216.5	0.699633699634
216.6	0.699633699634
216.7	0.700854700855
216.8	0.699633699634
216.9	0.699633699634
217	0.699633699634
217.1	0.699633699634
217.2	0.698412698413
217.3	0.698412698413
217.4	0.698412698413
217.5	0.698412698413
217.6	0.698412698413
217.7	0.698412698413
217.8	0.699633699634
217.9	0.698412698413
218	0.698412698413
218.1	0.698412698413
218.2	0.698412698413
218.3	0.697191697192
218.4	0.697191697192
218.5	0.697191697192
218.6	0.697191697192
218.7	0.695970695971
218.8	0.697191697192
218.9	0.697191697192
219	0.697191697192
219.1	0.697191697192
219.2	0.69474969475
219.3	0.697191697192
219.4	0.695970695971
219.5	0.695970695971
219.6	0.697191697192
219.7	0.69474969475
219.8	0.693528693529
219.9	0.697191697192
220	0.69474969475
220.1	0.69474969475
220.2	0.695970695971
220.3	0.69474969475
220.4	0.69474969475
220.5	0.69474969475
220.6	0.69474969475
220.7	0.693528693529
220.8	0.69474969475
220.9	0.693528693529
221	0.69474969475
221.1	0.693528693529
221.2	0.693528693529
221.3	0.693528693529
221.4	0.692307692308
221.5	0.693528693529
221.6	0.692307692308
221.7	0.693528693529
221.8	0.692307692308
221.9	0.692307692308
222	0.692307692308
222.1	0.692307692308
222.2	0.693528693529
222.3	0.691086691087
222.4	0.691086691087
222.5	0.691086691087
222.6	0.691086691087
222.7	0.691086691087
222.8	0.689865689866
222.9	0.692307692308
223	0.688644688645
223.1	0.691086691087
223.2	0.692307692308
223.3	0.689865689866
223.4	0.691086691087
223.5	0.691086691087
223.6	0.689865689866
223.7	0.689865689866
223.8	0.689865689866
223.9	0.691086691087
224	0.687423687424
224.1	0.688644688645
224.2	0.688644688645
224.3	0.689865689866
224.4	0.688644688645
224.5	0.688644688645
224.6	0.689865689866
224.7	0.688644688645
224.8	0.688644688645
224.9	0.688644688645
225	0.688644688645
225.1	0.688644688645
225.2	0.688644688645
225.3	0.687423687424
225.4	0.687423687424
225.5	0.687423687424
225.6	0.687423687424
225.7	0.686202686203
225.8	0.686202686203
225.9	0.687423687424
226	0.686202686203
226.1	0.687423687424
226.2	0.686202686203
226.3	0.687423687424
226.4	0.686202686203
226.5	0.686202686203
226.6	0.686202686203
226.7	0.686202686203
226.8	0.686202686203
226.9	0.686202686203
227	0.686202686203
227.1	0.686202686203
227.2	0.686202686203
227.3	0.684981684982
227.4	0.686202686203
227.5	0.684981684982
227.6	0.684981684982
227.7	0.684981684982
227.8	0.684981684982
227.9	0.684981684982
228	0.683760683761
228.1	0.683760683761
228.2	0.683760683761
228.3	0.683760683761
228.4	0.683760683761
228.5	0.683760683761
228.6	0.683760683761
228.7	0.683760683761
228.8	0.684981684982
228.9	0.684981684982
229	0.683760683761
229.1	0.683760683761
229.2	0.684981684982
229.3	0.681318681319
229.4	0.681318681319
229.5	0.68253968254
229.6	0.681318681319
229.7	0.68253968254
229.8	0.683760683761
229.9	0.681318681319
230	0.681318681319
230.1	0.681318681319
230.2	0.681318681319
230.3	0.681318681319
230.4	0.681318681319
230.5	0.680097680098
230.6	0.681318681319
230.7	0.681318681319
230.8	0.681318681319
230.9	0.680097680098
231	0.681318681319
231.1	0.681318681319
231.2	0.681318681319
231.3	0.680097680098
231.4	0.680097680098
231.5	0.680097680098
231.6	0.680097680098
231.7	0.680097680098
231.8	0.680097680098
231.9	0.678876678877
232	0.678876678877
232.1	0.678876678877
232.2	0.678876678877
232.3	0.677655677656
232.4	0.678876678877
232.5	0.678876678877
232.6	0.678876678877
232.7	0.678876678877
232.8	0.678876678877
232.9	0.676434676435
233	0.677655677656
233.1	0.678876678877
233.2	0.677655677656
233.3	0.676434676435
233.4	0.677655677656
233.5	0.676434676435
233.6	0.676434676435
233.7	0.677655677656
233.8	0.677655677656
233.9	0.677655677656
234	0.677655677656
234.1	0.676434676435
234.2	0.676434676435
234.3	0.676434676435
234.4	0.676434676435
234.5	0.676434676435
234.6	0.675213675214
234.7	0.676434676435
234.8	0.676434676435
234.9	0.675213675214
235	0.675213675214
235.1	0.676434676435
235.2	0.676434676435
235.3	0.676434676435
235.4	0.675213675214
235.5	0.675213675214
235.6	0.675213675214
235.7	0.675213675214
235.8	0.675213675214
235.9	0.675213675214
236	0.675213675214
236.1	0.673992673993
236.2	0.675213675214
236.3	0.673992673993
236.4	0.675213675214
236.5	0.673992673993
236.6	0.675213675214
236.7	0.673992673993
236.8	0.673992673993
236.9	0.672771672772
237	0.673992673993
237.1	0.673992673993
237.2	0.673992673993
237.3	0.672771672772
237.4	0.672771672772
237.5	0.672771672772
237.6	0.673992673993
237.7	0.673992673993
237.8	0.673992673993
237.9	0.673992673993
238	0.672771672772
238.1	0.671550671551
238.2	0.672771672772
238.3	0.672771672772
238.4	0.673992673993
238.5	0.672771672772
238.6	0.671550671551
238.7	0.671550671551
238.8	0.671550671551
238.9	0.672771672772
239	0.671550671551
239.1	0.671550671551
239.2	0.671550671551
239.3	0.67032967033
239.4	0.671550671551
239.5	0.671550671551
239.6	0.671550671551
239.7	0.671550671551
239.8	0.669108669109
239.9	0.67032967033
240	0.671550671551
240.1	0.67032967033
240.2	0.67032967033
240.3	0.67032967033
240.4	0.67032967033
240.5	0.67032967033
240.6	0.67032967033
240.7	0.669108669109
240.8	0.67032967033
240.9	0.67032967033
241	0.669108669109
241.1	0.669108669109
241.2	0.67032967033
241.3	0.67032967033
241.4	0.669108669109
241.5	0.67032967033
241.6	0.669108669109
241.7	0.669108669109
241.8	0.669108669109
241.9	0.669108669109
242	0.669108669109
242.1	0.667887667888
242.2	0.667887667888
242.3	0.667887667888
242.4	0.669108669109
242.5	0.667887667888
242.6	0.667887667888
242.7	0.669108669109
242.8	0.667887667888
242.9	0.667887667888
243	0.667887667888
243.1	0.669108669109
243.2	0.667887667888
243.3	0.667887667888
243.4	0.666666666667
243.5	0.667887667888
243.6	0.666666666667
243.7	0.666666666667
243.8	0.667887667888
243.9	0.667887667888
244	0.667887667888
244.1	0.666666666667
244.2	0.666666666667
244.3	0.666666666667
244.4	0.666666666667
244.5	0.666666666667
244.6	0.665445665446
244.7	0.666666666667
244.8	0.669108669109
244.9	0.665445665446
245	0.665445665446
245.1	0.664224664225
245.2	0.664224664225
245.3	0.665445665446
245.4	0.665445665446
245.5	0.666666666667
245.6	0.665445665446
245.7	0.664224664225
245.8	0.665445665446
245.9	0.664224664225
246	0.665445665446
246.1	0.664224664225
246.2	0.664224664225
246.3	0.665445665446
246.4	0.664224664225
246.5	0.664224664225
246.6	0.665445665446
246.7	0.665445665446
246.8	0.664224664225
246.9	0.664224664225
247	0.664224664225
247.1	0.664224664225
247.2	0.664224664225
247.3	0.661782661783
247.4	0.663003663004
247.5	0.664224664225
247.6	0.664224664225
247.7	0.664224664225
247.8	0.663003663004
247.9	0.664224664225
248	0.663003663004
248.1	0.661782661783
248.2	0.661782661783
248.3	0.664224664225
248.4	0.664224664225
248.5	0.661782661783
248.6	0.661782661783
248.7	0.661782661783
248.8	0.661782661783
248.9	0.661782661783
249	0.663003663004
249.1	0.660561660562
249.2	0.661782661783
249.3	0.661782661783
249.4	0.661782661783
249.5	0.660561660562
249.6	0.663003663004
249.7	0.661782661783
249.8	0.661782661783
249.9	0.661782661783
250	0.660561660562
250.1	0.661782661783
250.2	0.660561660562
250.3	0.661782661783
250.4	0.661782661783
250.5	0.660561660562
250.6	0.660561660562
250.7	0.660561660562
250.8	0.661782661783
250.9	0.660561660562
251	0.660561660562
251.1	0.660561660562
251.2	0.659340659341
251.3	0.659340659341
251.4	0.659340659341
251.5	0.659340659341
251.6	0.660561660562
251.7	0.659340659341
251.8	0.659340659341
251.9	0.65811965812
252	0.660561660562
252.1	0.659340659341
252.2	0.65811965812
252.3	0.659340659341
252.4	0.65811965812
252.5	0.65811965812
252.6	0.659340659341
252.7	0.65811965812
252.8	0.659340659341
252.9	0.659340659341
253	0.65811965812
253.1	0.65811965812
253.2	0.659340659341
253.3	0.659340659341
253.4	0.659340659341
253.5	0.65811965812
253.6	0.65811965812
253.7	0.656898656899
253.8	0.65811965812
253.9	0.659340659341
254	0.656898656899
254.1	0.65811965812
254.2	0.656898656899
254.3	0.656898656899
254.4	0.65811965812
254.5	0.656898656899
254.6	0.656898656899
254.7	0.65811965812
254.8	0.655677655678
254.9	0.656898656899
255	0.65811965812
255.1	0.65811965812
255.2	0.656898656899
255.3	0.656898656899
255.4	0.656898656899
255.5	0.655677655678
255.6	0.656898656899
255.7	0.655677655678
255.8	0.656898656899
255.9	0.656898656899
256	0.656898656899
256.1	0.655677655678
256.2	0.655677655678
256.3	0.656898656899
256.4	0.656898656899
256.5	0.655677655678
256.6	0.655677655678
256.7	0.656898656899
256.8	0.655677655678
256.9	0.655677655678
257	0.655677655678
257.1	0.655677655678
257.2	0.655677655678
257.3	0.654456654457
257.4	0.654456654457
257.5	0.655677655678
257.6	0.655677655678
257.7	0.655677655678
257.8	0.655677655678
257.9	0.655677655678
258	0.656898656899
258.1	0.655677655678
258.2	0.655677655678
258.3	0.655677655678
258.4	0.654456654457
258.5	0.654456654457
258.6	0.654456654457
258.7	0.654456654457
258.8	0.654456654457
258.9	0.654456654457
259	0.653235653236
259.1	0.655677655678
259.2	0.654456654457
259.3	0.654456654457
259.4	0.654456654457
259.5	0.652014652015
259.6	0.653235653236
259.7	0.654456654457
259.8	0.653235653236
259.9	0.654456654457
260	0.654456654457
260.1	0.653235653236
260.2	0.653235653236
260.3	0.653235653236
260.4	0.654456654457
260.5	0.652014652015
260.6	0.653235653236
260.7	0.652014652015
260.8	0.652014652015
260.9	0.654456654457
261	0.652014652015
261.1	0.653235653236
261.2	0.653235653236
261.3	0.654456654457
261.4	0.653235653236
261.5	0.653235653236
261.6	0.652014652015
261.7	0.652014652015
261.8	0.652014652015
261.9	0.653235653236
262	0.650793650794
262.1	0.652014652015
262.2	0.652014652015
262.3	0.652014652015
262.4	0.652014652015
262.5	0.653235653236
262.6	0.652014652015
262.7	0.650793650794
262.8	0.652014652015
262.9	0.652014652015
263	0.650793650794
263.1	0.652014652015
263.2	0.649572649573
263.3	0.652014652015
263.4	0.652014652015
263.5	0.650793650794
263.6	0.650793650794
263.7	0.652014652015
263.8	0.650793650794
263.9	0.652014652015
264	0.652014652015
264.1	0.650793650794
264.2	0.650793650794
264.3	0.650793650794
264.4	0.650793650794
264.5	0.650793650794
264.6	0.650793650794
264.7	0.649572649573
264.8	0.650793650794
264.9	0.650793650794
265	0.650793650794
265.1	0.650793650794
265.2	0.650793650794
265.3	0.649572649573
265.4	0.650793650794
265.5	0.649572649573
265.6	0.650793650794
265.7	0.649572649573
265.8	0.650793650794
265.9	0.648351648352
266	0.649572649573
266.1	0.649572649573
266.2	0.650793650794
266.3	0.649572649573
266.4	0.649572649573
266.5	0.649572649573
266.6	0.649572649573
266.7	0.648351648352
266.8	0.649572649573
266.9	0.648351648352
267	0.649572649573
267.1	0.649572649573
267.2	0.649572649573
267.3	0.648351648352
267.4	0.648351648352
267.5	0.648351648352
267.6	0.649572649573
267.7	0.648351648352
267.8	0.649572649573
267.9	0.648351648352
268	0.648351648352
268.1	0.649572649573
268.2	0.648351648352
268.3	0.648351648352
268.4	0.647130647131
268.5	0.647130647131
268.6	0.647130647131
268.7	0.647130647131
268.8	0.648351648352
268.9	0.648351648352
269	0.64590964591
269.1	0.648351648352
269.2	0.648351648352
269.3	0.647130647131
269.4	0.647130647131
269.5	0.648351648352
269.6	0.647130647131
269.7	0.647130647131
269.8	0.647130647131
269.9	0.647130647131
270	0.647130647131
270.1	0.647130647131
270.2	0.64590964591
270.3	0.647130647131
270.4	0.647130647131
270.5	0.64590964591
270.6	0.647130647131
270.7	0.64590964591
270.8	0.647130647131
270.9	0.647130647131
271	0.64590964591
271.1	0.647130647131
271.2	0.64590964591
271.3	0.64590964591
271.4	0.647130647131
271.5	0.647130647131
271.6	0.644688644689
271.7	0.647130647131
271.8	0.647130647131
271.9	0.64590964591
272	0.64590964591
272.1	0.64590964591
272.2	0.64590964591
272.3	0.64590964591
272.4	0.64590964591
272.5	0.644688644689
272.6	0.64590964591
272.7	0.64590964591
272.8	0.64590964591
272.9	0.64590964591
273	0.64590964591
273.1	0.644688644689
273.2	0.64590964591
273.3	0.644688644689
273.4	0.64590964591
273.5	0.64590964591
273.6	0.64590964591
273.7	0.64590964591
273.8	0.644688644689
273.9	0.644688644689
274	0.644688644689
274.1	0.644688644689
274.2	0.644688644689
274.3	0.644688644689
274.4	0.64590964591
274.5	0.644688644689
274.6	0.644688644689
274.7	0.644688644689
274.8	0.643467643468
274.9	0.644688644689
275	0.644688644689
275.1	0.644688644689
275.2	0.644688644689
275.3	0.644688644689
275.4	0.644688644689
275.5	0.644688644689
275.6	0.644688644689
275.7	0.644688644689
275.8	0.643467643468
275.9	0.642246642247
276	0.644688644689
276.1	0.643467643468
276.2	0.644688644689
276.3	0.643467643468
276.4	0.643467643468
276.5	0.643467643468
276.6	0.643467643468
276.7	0.643467643468
276.8	0.643467643468
276.9	0.643467643468
277	0.642246642247
277.1	0.643467643468
277.2	0.643467643468
277.3	0.642246642247
277.4	0.642246642247
277.5	0.642246642247
277.6	0.643467643468
277.7	0.642246642247
277.8	0.641025641026
277.9	0.642246642247
278	0.644688644689
278.1	0.642246642247
278.2	0.642246642247
278.3	0.642246642247
278.4	0.641025641026
278.5	0.642246642247
278.6	0.642246642247
278.7	0.642246642247
278.8	0.642246642247
278.9	0.642246642247
279	0.642246642247
279.1	0.642246642247
279.2	0.642246642247
279.3	0.642246642247
279.4	0.641025641026
279.5	0.641025641026
279.6	0.642246642247
279.7	0.641025641026
279.8	0.642246642247
279.9	0.641025641026
280	0.641025641026
280.1	0.641025641026
280.2	0.642246642247
280.3	0.641025641026
280.4	0.639804639805
280.5	0.642246642247
280.6	0.641025641026
280.7	0.642246642247
280.8	0.641025641026
280.9	0.641025641026
281	0.641025641026
281.1	0.641025641026
281.2	0.639804639805
281.3	0.641025641026
281.4	0.641025641026
281.5	0.639804639805
281.6	0.639804639805
281.7	0.641025641026
281.8	0.639804639805
281.9	0.639804639805
282	0.641025641026
282.1	0.639804639805
282.2	0.641025641026
282.3	0.641025641026
282.4	0.641025641026
282.5	0.641025641026
282.6	0.639804639805
282.7	0.638583638584
282.8	0.639804639805
282.9	0.639804639805
283	0.639804639805
283.1	0.641025641026
283.2	0.639804639805
283.3	0.638583638584
283.4	0.638583638584
283.5	0.639804639805
283.6	0.639804639805
283.7	0.639804639805
283.8	0.639804639805
283.9	0.639804639805
284	0.639804639805
284.1	0.639804639805
284.2	0.638583638584
284.3	0.638583638584
284.4	0.638583638584
284.5	0.639804639805
284.6	0.639804639805
284.7	0.638583638584
284.8	0.639804639805
284.9	0.639804639805
285	0.638583638584
285.1	0.638583638584
285.2	0.638583638584
285.3	0.638583638584
285.4	0.639804639805
285.5	0.639804639805
285.6	0.638583638584
285.7	0.639804639805
285.8	0.637362637363
285.9	0.637362637363
286	0.638583638584
286.1	0.638583638584
286.2	0.638583638584
286.3	0.637362637363
286.4	0.638583638584
286.5	0.637362637363
286.6	0.638583638584
286.7	0.639804639805
286.8	0.638583638584
286.9	0.638583638584
287	0.637362637363
287.1	0.638583638584
287.2	0.638583638584
287.3	0.637362637363
287.4	0.638583638584
287.5	0.638583638584
287.6	0.639804639805
287.7	0.637362637363
287.8	0.637362637363
287.9	0.637362637363
288	0.637362637363
288.1	0.637362637363
288.2	0.637362637363
288.3	0.638583638584
288.4	0.637362637363
288.5	0.637362637363
288.6	0.638583638584
288.7	0.638583638584
288.8	0.637362637363
288.9	0.636141636142
289	0.637362637363
289.1	0.636141636142
289.2	0.636141636142
289.3	0.636141636142
289.4	0.636141636142
289.5	0.636141636142
289.6	0.636141636142
289.7	0.637362637363
289.8	0.637362637363
289.9	0.637362637363
290	0.636141636142
290.1	0.637362637363
290.2	0.636141636142
290.3	0.637362637363
290.4	0.637362637363
290.5	0.637362637363
290.6	0.637362637363
290.7	0.636141636142
290.8	0.637362637363
290.9	0.637362637363
291	0.637362637363
291.1	0.636141636142
291.2	0.634920634921
291.3	0.634920634921
291.4	0.634920634921
291.5	0.636141636142
291.6	0.637362637363
291.7	0.634920634921
291.8	0.636141636142
291.9	0.634920634921
292	0.636141636142
292.1	0.637362637363
292.2	0.636141636142
292.3	0.634920634921
292.4	0.636141636142
292.5	0.636141636142
292.6	0.634920634921
292.7	0.634920634921
292.8	0.636141636142
292.9	0.634920634921
293	0.634920634921
293.1	0.636141636142
293.2	0.634920634921
293.3	0.634920634921
293.4	0.636141636142
293.5	0.634920634921
293.6	0.636141636142
293.7	0.636141636142
293.8	0.634920634921
293.9	0.636141636142
294	0.636141636142
294.1	0.634920634921
294.2	0.634920634921
294.3	0.634920634921
294.4	0.6336996337
294.5	0.636141636142
294.6	0.634920634921
294.7	0.6336996337
294.8	0.636141636142
294.9	0.634920634921
295	0.634920634921
295.1	0.634920634921
295.2	0.636141636142
295.3	0.634920634921
295.4	0.6336996337
295.5	0.636141636142
295.6	0.6336996337
295.7	0.634920634921
295.8	0.634920634921
295.9	0.6336996337
296	0.6336996337
296.1	0.634920634921
296.2	0.634920634921
296.3	0.634920634921
296.4	0.6336996337
296.5	0.634920634921
296.6	0.634920634921
296.7	0.634920634921
296.8	0.6336996337
296.9	0.634920634921
297	0.6336996337
297.1	0.634920634921
297.2	0.6336996337
297.3	0.632478632479
297.4	0.634920634921
297.5	0.6336996337
297.6	0.6336996337
297.7	0.6336996337
297.8	0.6336996337
297.9	0.6336996337
298	0.6336996337
298.1	0.632478632479
298.2	0.6336996337
298.3	0.6336996337
298.4	0.6336996337
298.5	0.634920634921
298.6	0.6336996337
298.7	0.632478632479
298.8	0.6336996337
298.9	0.632478632479
299	0.634920634921
299.1	0.634920634921
299.2	0.632478632479
299.3	0.632478632479
299.4	0.6336996337
299.5	0.632478632479
299.6	0.6336996337
299.7	0.632478632479
299.8	0.6336996337
299.9	0.632478632479
300	0.632478632479
