t	v
0	0.616605616606
0.1	0.615384615385
0.2	0.616605616606
0.3	0.617826617827
0.4	0.616605616606
0.5	0.617826617827
0.6	0.617826617827
0.7	0.615384615385
0.8	0.616605616606
0.9	0.616605616606
1	0.616605616606
1.1	0.617826617827
1.2	0.616605616606
1.3	0.617826617827
1.4	0.615384615385
1.5	0.616605616606
1.6	0.615384615385
1.7	0.617826617827
1.8	0.616605616606
1.9	0.617826617827
2	0.615384615385
2.1	0.616605616606
2.2	0.617826617827
2.3	0.616605616606
2.4	0.616605616606
2.5	0.616605616606
2.6	0.616605616606
2.7	0.616605616606
2.8	0.619047619048
2.9	0.649572649573
3	0.714285714286
3.1	0.776556776557
3.2	0.844932844933
3.3	0.937728937729
3.4	1.04273504274
3.5	1.13797313797
3.6	1.23321123321
3.7	1.35897435897
3.8	1.48717948718
3.9	1.60073260073
4	1.71062271062
4.1	1.83760683761
4.2	1.95970695971
4.3	2.06593406593
4.4	2.18070818071
4.5	2.30525030525
4.6	2.41636141636
4.7	2.51648351648
4.8	2.63492063492
4.9	2.76312576313
5	2.87301587302
5.1	2.97191697192
5.2	3.06227106227
5.3	3.14285714286
5.4	3.21611721612
5.5	3.27716727717
5.6	3.33821733822
5.7	3.39316239316
5.8	3.46031746032
5.9	3.53968253968
6	3.61294261294
6.1	3.67399267399
6.2	3.73382173382
6.3	3.78388278388
6.4	3.82661782662
6.5	3.87057387057
6.6	3.90842490842
6.7	3.94261294261
6.8	3.97802197802
6.9	4.00610500611
7	4.03540903541
7.1	4.06227106227
7.2	4.08547008547
7.3	4.10989010989
7.4	4.13186813187
7.5	4.1514041514
7.6	4.16727716728
7.7	4.18070818071
7.8	4.1916971917
7.9	4.20024420024
8	4.21245421245
8.1	4.22344322344
8.2	4.22710622711
8.3	4.2380952381
8.4	4.24664224664
8.5	4.25030525031
8.6	4.25763125763
8.7	4.26617826618
8.8	4.26862026862
8.9	4.27838827839
9	4.28083028083
9.1	4.27960927961
9.2	4.27838827839
9.3	4.27960927961
9.4	4.27838827839
9.5	4.27960927961
9.6	4.28083028083
9.7	4.27594627595
9.8	4.26862026862
9.9	4.26617826618
10	4.25885225885
10.1	4.25396825397
10.2	4.24786324786
10.3	4.23687423687
10.4	4.22954822955
10.5	4.221001221
10.6	4.21123321123
10.7	4.20146520147
10.8	4.19047619048
10.9	4.18070818071
11	4.17094017094
11.1	4.15995115995
11.2	4.15018315018
11.3	4.13919413919
11.4	4.12698412698
11.5	4.11721611722
11.6	4.10744810745
11.7	4.09523809524
11.8	4.08302808303
11.9	4.07448107448
12	4.06593406593
12.1	4.0525030525
12.2	4.04151404151
12.3	4.03296703297
12.4	4.02075702076
12.5	4.00976800977
12.6	4.00122100122
12.7	3.99023199023
12.8	3.98046398046
12.9	3.9706959707
13	3.95848595849
13.1	3.94993894994
13.2	3.93894993895
13.3	3.92918192918
13.4	3.91941391941
13.5	3.91086691087
13.6	3.89987789988
13.7	3.89010989011
13.8	3.8778998779
13.9	3.87057387057
14	3.85958485958
14.1	3.85103785104
14.2	3.83882783883
14.3	3.82905982906
14.4	3.82295482295
14.5	3.81196581197
14.6	3.80341880342
14.7	3.79365079365
14.8	3.78388278388
14.9	3.77533577534
15	3.76434676435
15.1	3.7557997558
15.2	3.74725274725
15.3	3.73748473748
15.4	3.73137973138
15.5	3.71794871795
15.6	3.71184371184
15.7	3.70085470085
15.8	3.69108669109
15.9	3.68498168498
16	3.67521367521
16.1	3.66666666667
16.2	3.65811965812
16.3	3.64835164835
16.4	3.64102564103
16.5	3.6336996337
16.6	3.62271062271
16.7	3.61416361416
16.8	3.60683760684
16.9	3.59951159951
17	3.58974358974
17.1	3.5811965812
17.2	3.57142857143
17.3	3.56532356532
17.4	3.55677655678
17.5	3.54700854701
17.6	3.5409035409
17.7	3.53235653236
17.8	3.52380952381
17.9	3.51648351648
18	3.50671550672
18.1	3.50061050061
18.2	3.49328449328
18.3	3.48595848596
18.4	3.47741147741
18.5	3.46886446886
18.6	3.46031746032
18.7	3.45421245421
18.8	3.44688644689
18.9	3.43833943834
19	3.42979242979
19.1	3.42368742369
19.2	3.41636141636
19.3	3.40781440781
19.4	3.40293040293
19.5	3.39316239316
19.6	3.38461538462
19.7	3.37728937729
19.8	3.37118437118
19.9	3.36263736264
20	3.35653235653
20.1	3.35042735043
20.2	3.34065934066
20.3	3.33455433455
20.4	3.32722832723
20.5	3.32112332112
20.6	3.3137973138
20.7	3.30647130647
20.8	3.30036630037
20.9	3.29304029304
21	3.28571428571
21.1	3.27960927961
21.2	3.2735042735
21.3	3.26617826618
21.4	3.25885225885
21.5	3.25274725275
21.6	3.24542124542
21.7	3.23931623932
21.8	3.23199023199
21.9	3.22588522589
22	3.21855921856
22.1	3.21245421245
22.2	3.20512820513
22.3	3.19902319902
22.4	3.19291819292
22.5	3.18681318681
22.6	3.18070818071
22.7	3.17338217338
22.8	3.16605616606
22.9	3.15995115995
23	3.15506715507
23.1	3.14774114774
23.2	3.14163614164
23.3	3.13675213675
23.4	3.12942612943
23.5	3.1221001221
23.6	3.11843711844
23.7	3.11233211233
23.8	3.10378510379
23.9	3.10012210012
24	3.09401709402
24.1	3.08791208791
24.2	3.08180708181
24.3	3.07692307692
24.4	3.0695970696
24.5	3.06349206349
24.6	3.05860805861
24.7	3.0525030525
24.8	3.04761904762
24.9	3.04029304029
25	3.03296703297
25.1	3.02808302808
25.2	3.0231990232
25.3	3.01587301587
25.4	3.01221001221
25.5	3.00732600733
25.6	3
25.7	2.99755799756
25.8	2.99023199023
25.9	2.98412698413
26	2.97924297924
26.1	2.97313797314
26.2	2.96703296703
26.3	2.96459096459
26.4	2.95604395604
26.5	2.95115995116
26.6	2.94627594628
26.7	2.94017094017
26.8	2.93528693529
26.9	2.92796092796
27	2.9242979243
27.1	2.91819291819
27.2	2.91330891331
27.3	2.90842490842
27.4	2.90354090354
27.5	2.89865689866
27.6	2.89255189255
27.7	2.88644688645
27.8	2.884004884
27.9	2.8778998779
28	2.87179487179
28.1	2.86813186813
28.2	2.86324786325
28.3	2.85592185592
28.4	2.85347985348
28.5	2.84737484737
28.6	2.84126984127
28.7	2.83760683761
28.8	2.83272283272
28.9	2.82783882784
29	2.82295482295
29.1	2.81807081807
29.2	2.81196581197
29.3	2.80952380952
29.4	2.80341880342
29.5	2.79609279609
29.6	2.79365079365
29.7	2.78998778999
29.8	2.78144078144
29.9	2.778998779
30	2.77411477411
30.1	2.76923076923
30.2	2.76434676435
30.3	2.75946275946
30.4	2.7557997558
30.5	2.75091575092
30.6	2.74603174603
30.7	2.74114774115
30.8	2.73748473748
30.9	2.7326007326
31	2.7264957265
31.1	2.72527472527
31.2	2.71794871795
31.3	2.71428571429
31.4	2.70818070818
31.5	2.70451770452
31.6	2.69963369963
31.7	2.69597069597
31.8	2.68986568987
31.9	2.68498168498
32	2.68253968254
32.1	2.6800976801
32.2	2.67399267399
32.3	2.66910866911
32.4	2.66544566545
32.5	2.66178266178
32.6	2.6568986569
32.7	2.65201465201
32.8	2.64835164835
32.9	2.64346764347
33	2.6398046398
33.1	2.63492063492
33.2	2.63125763126
33.3	2.62637362637
33.4	2.62271062271
33.5	2.61782661783
33.6	2.61416361416
33.7	2.60927960928
33.8	2.60561660562
33.9	2.60317460317
34	2.59829059829
34.1	2.59462759463
34.2	2.58974358974
34.3	2.58485958486
34.4	2.5811965812
34.5	2.57875457875
34.6	2.57264957265
34.7	2.57020757021
34.8	2.56532356532
34.9	2.56166056166
35	2.557997558
35.1	2.55677655678
35.2	2.55067155067
35.3	2.54578754579
35.4	2.54212454212
35.5	2.53846153846
35.6	2.53357753358
35.7	2.53113553114
35.8	2.52503052503
35.9	2.52258852259
36	2.51892551893
36.1	2.51526251526
36.2	2.51037851038
36.3	2.50793650794
36.4	2.50183150183
36.5	2.50061050061
36.6	2.49694749695
36.7	2.49328449328
36.8	2.49084249084
36.9	2.48717948718
37	2.47985347985
37.1	2.47619047619
37.2	2.47252747253
37.3	2.47008547009
37.4	2.46642246642
37.5	2.46398046398
37.6	2.4590964591
37.7	2.45665445665
37.8	2.45054945055
37.9	2.44932844933
38	2.44444444444
38.1	2.43956043956
38.2	2.43833943834
38.3	2.43467643468
38.4	2.42979242979
38.5	2.42612942613
38.6	2.42368742369
38.7	2.42002442002
38.8	2.41514041514
38.9	2.4126984127
39	2.40903540904
39.1	2.40537240537
39.2	2.40170940171
39.3	2.39926739927
39.4	2.39316239316
39.5	2.39194139194
39.6	2.38827838828
39.7	2.38461538462
39.8	2.38217338217
39.9	2.37728937729
40	2.37606837607
40.1	2.37118437118
40.2	2.36874236874
40.3	2.36507936508
40.4	2.36141636142
40.5	2.35653235653
40.6	2.35286935287
40.7	2.35042735043
40.8	2.34798534799
40.9	2.34554334554
41	2.34065934066
41.1	2.336996337
41.2	2.33455433455
41.3	2.33089133089
41.4	2.32844932845
41.5	2.32356532357
41.6	2.32112332112
41.7	2.31746031746
41.8	2.31501831502
41.9	2.31257631258
42	2.30891330891
42.1	2.30525030525
42.2	2.30158730159
42.3	2.29792429792
42.4	2.29548229548
42.5	2.29181929182
42.6	2.2905982906
42.7	2.28693528694
42.8	2.28327228327
42.9	2.27838827839
43	2.27594627595
43.1	2.2735042735
43.2	2.27106227106
43.3	2.2673992674
43.4	2.26495726496
43.5	2.26129426129
43.6	2.25885225885
43.7	2.25518925519
43.8	2.25274725275
43.9	2.24908424908
44	2.24664224664
44.1	2.24297924298
44.2	2.23931623932
44.3	2.23687423687
44.4	2.23443223443
44.5	2.23199023199
44.6	2.22832722833
44.7	2.22588522589
44.8	2.221001221
44.9	2.21855921856
45	2.21611721612
45.1	2.21245421245
45.2	2.21001221001
45.3	2.20757020757
45.4	2.20390720391
45.5	2.20146520147
45.6	2.20024420024
45.7	2.19536019536
45.8	2.19291819292
45.9	2.1916971917
46	2.18559218559
46.1	2.18437118437
46.2	2.18070818071
46.3	2.17826617827
46.4	2.17582417582
46.5	2.17338217338
46.6	2.16971916972
46.7	2.16605616606
46.8	2.16483516484
46.9	2.16117216117
47	2.15873015873
47.1	2.15628815629
47.2	2.15262515263
47.3	2.1514041514
47.4	2.14774114774
47.5	2.14407814408
47.6	2.14163614164
47.7	2.13797313797
47.8	2.13553113553
47.9	2.13308913309
48	2.13186813187
48.1	2.12698412698
48.2	2.12454212454
48.3	2.1221001221
48.4	2.11843711844
48.5	2.11721611722
48.6	2.11355311355
48.7	2.11111111111
48.8	2.10989010989
48.9	2.10622710623
49	2.10256410256
49.1	2.10134310134
49.2	2.0989010989
49.3	2.09523809524
49.4	2.0927960928
49.5	2.09035409035
49.6	2.08669108669
49.7	2.08547008547
49.8	2.08302808303
49.9	2.07936507937
50	2.07692307692
50.1	2.0757020757
50.2	2.07203907204
50.3	2.07081807082
50.4	2.06837606838
50.5	2.06227106227
50.6	2.06105006105
50.7	2.05982905983
50.8	2.05616605617
50.9	2.05372405372
51	2.05128205128
51.1	2.04884004884
51.2	2.04761904762
51.3	2.04273504274
51.4	2.04151404151
51.5	2.03907203907
51.6	2.03663003663
51.7	2.03418803419
51.8	2.03052503053
51.9	2.0293040293
52	2.02564102564
52.1	2.0231990232
52.2	2.02197802198
52.3	2.01831501832
52.4	2.01709401709
52.5	2.01465201465
52.6	2.01098901099
52.7	2.00976800977
52.8	2.00610500611
52.9	2.00366300366
53	2.00244200244
53.1	1.99877899878
53.2	1.99633699634
53.3	1.99511599512
53.4	1.99267399267
53.5	1.98901098901
53.6	1.98778998779
53.7	1.98534798535
53.8	1.98290598291
53.9	1.98046398046
54	1.9768009768
54.1	1.97557997558
54.2	1.97435897436
54.3	1.96947496947
54.4	1.96825396825
54.5	1.96581196581
54.6	1.96336996337
54.7	1.96092796093
54.8	1.95848595849
54.9	1.95726495726
55	1.95482295482
55.1	1.9536019536
55.2	1.94993894994
55.3	1.94505494505
55.4	1.94627594628
55.5	1.94261294261
55.6	1.94017094017
55.7	1.93894993895
55.8	1.93528693529
55.9	1.93406593407
56	1.93162393162
56.1	1.92918192918
56.2	1.92796092796
56.3	1.92551892552
56.4	1.92307692308
56.5	1.91941391941
56.6	1.91819291819
56.7	1.91452991453
56.8	1.91575091575
56.9	1.91086691087
57	1.91086691087
57.1	1.90598290598
57.2	1.90476190476
57.3	1.90231990232
57.4	1.9010989011
57.5	1.89865689866
57.6	1.89621489621
57.7	1.89499389499
57.8	1.89133089133
57.9	1.88888888889
58	1.88644688645
58.1	1.88522588523
58.2	1.884004884
58.3	1.88156288156
58.4	1.87912087912
58.5	1.87667887668
58.6	1.87423687424
58.7	1.87301587302
58.8	1.86935286935
58.9	1.86691086691
59	1.86691086691
59.1	1.86324786325
59.2	1.86202686203
59.3	1.86080586081
59.4	1.85714285714
59.5	1.85592185592
59.6	1.85347985348
59.7	1.84981684982
59.8	1.84737484737
59.9	1.84615384615
60	1.84615384615
60.1	1.84004884005
60.2	1.84126984127
60.3	1.83882783883
60.4	1.83516483516
60.5	1.83516483516
60.6	1.83272283272
60.7	1.83028083028
60.8	1.82783882784
60.9	1.82661782662
61	1.82417582418
61.1	1.82173382173
61.2	1.81929181929
61.3	1.81807081807
61.4	1.81684981685
61.5	1.81440781441
61.6	1.81074481074
61.7	1.81074481074
61.8	1.80952380952
61.9	1.80586080586
62	1.80586080586
62.1	1.8021978022
62.2	1.79975579976
62.3	1.79731379731
62.4	1.79731379731
62.5	1.79487179487
62.6	1.79242979243
62.7	1.79120879121
62.8	1.78876678877
62.9	1.78754578755
63	1.7851037851
63.1	1.78266178266
63.2	1.78021978022
63.3	1.77777777778
63.4	1.77655677656
63.5	1.77533577534
63.6	1.77411477411
63.7	1.77167277167
63.8	1.76800976801
63.9	1.76678876679
64	1.76556776557
64.1	1.76434676435
64.2	1.76068376068
64.3	1.75946275946
64.4	1.75824175824
64.5	1.7557997558
64.6	1.75457875458
64.7	1.75091575092
64.8	1.74969474969
64.9	1.74847374847
65	1.74603174603
65.1	1.74481074481
65.2	1.74236874237
65.3	1.73992673993
65.4	1.73870573871
65.5	1.73626373626
65.6	1.73504273504
65.7	1.73382173382
65.8	1.73015873016
65.9	1.72893772894
66	1.72893772894
66.1	1.72527472527
66.2	1.72527472527
66.3	1.72161172161
66.4	1.72039072039
66.5	1.71916971917
66.6	1.71672771673
66.7	1.71306471306
66.8	1.71306471306
66.9	1.71184371184
67	1.70818070818
67.1	1.70818070818
67.2	1.70573870574
67.3	1.70451770452
67.4	1.70207570208
67.5	1.70085470085
67.6	1.69719169719
67.7	1.69719169719
67.8	1.69474969475
67.9	1.69352869353
68	1.69108669109
68.1	1.68986568987
68.2	1.68742368742
68.3	1.68742368742
68.4	1.68376068376
68.5	1.68376068376
68.6	1.6800976801
68.7	1.6800976801
68.8	1.67765567766
68.9	1.67643467643
69	1.67399267399
69.1	1.67155067155
69.2	1.67032967033
69.3	1.66788766789
69.4	1.66788766789
69.5	1.66666666667
69.6	1.663003663
69.7	1.66178266178
69.8	1.66056166056
69.9	1.65811965812
70	1.6568986569
70.1	1.65445665446
70.2	1.65323565324
70.3	1.65201465201
70.4	1.65079365079
70.5	1.64713064713
70.6	1.64713064713
70.7	1.64590964591
70.8	1.64468864469
70.9	1.64224664225
71	1.63858363858
71.1	1.63858363858
71.2	1.63614163614
71.3	1.63492063492
71.4	1.6336996337
71.5	1.63247863248
71.6	1.63125763126
71.7	1.62759462759
71.8	1.62637362637
71.9	1.62637362637
72	1.62393162393
72.1	1.62026862027
72.2	1.62148962149
72.3	1.61782661783
72.4	1.61538461538
72.5	1.61538461538
72.6	1.61416361416
72.7	1.61172161172
72.8	1.6105006105
72.9	1.60927960928
73	1.60805860806
73.1	1.60683760684
73.2	1.60317460317
73.3	1.60195360195
73.4	1.59951159951
73.5	1.59829059829
73.6	1.59706959707
73.7	1.59706959707
73.8	1.59462759463
73.9	1.59218559219
74	1.59096459096
74.1	1.58974358974
74.2	1.58852258852
74.3	1.58608058608
74.4	1.58485958486
74.5	1.58485958486
74.6	1.5811965812
74.7	1.57997557998
74.8	1.57753357753
74.9	1.57753357753
75	1.57509157509
75.1	1.57387057387
75.2	1.57264957265
75.3	1.57264957265
75.4	1.56776556777
75.5	1.57020757021
75.6	1.56654456654
75.7	1.56654456654
75.8	1.56288156288
75.9	1.56288156288
76	1.55921855922
76.1	1.557997558
76.2	1.55677655678
76.3	1.55555555556
76.4	1.55311355311
76.5	1.55189255189
76.6	1.54945054945
76.7	1.54945054945
76.8	1.54822954823
76.9	1.54456654457
77	1.54578754579
77.1	1.54334554335
77.2	1.5409035409
77.3	1.53968253968
77.4	1.53846153846
77.5	1.53846153846
77.6	1.53601953602
77.7	1.5347985348
77.8	1.53235653236
77.9	1.53113553114
78	1.53113553114
78.1	1.52869352869
78.2	1.52747252747
78.3	1.52503052503
78.4	1.52380952381
78.5	1.52258852259
78.6	1.52136752137
78.7	1.51892551893
78.8	1.51648351648
78.9	1.51648351648
79	1.51526251526
79.1	1.51404151404
79.2	1.51282051282
79.3	1.51037851038
79.4	1.51037851038
79.5	1.50793650794
79.6	1.50671550672
79.7	1.50549450549
79.8	1.50549450549
79.9	1.50183150183
80	1.50183150183
80.1	1.50061050061
80.2	1.49694749695
80.3	1.49816849817
80.4	1.49572649573
80.5	1.49450549451
80.6	1.49328449328
80.7	1.49206349206
80.8	1.49084249084
80.9	1.4884004884
81	1.4884004884
81.1	1.48473748474
81.2	1.48473748474
81.3	1.4822954823
81.4	1.48107448107
81.5	1.47985347985
81.6	1.47863247863
81.7	1.47741147741
81.8	1.47496947497
81.9	1.47496947497
82	1.47374847375
82.1	1.47130647131
82.2	1.47130647131
82.3	1.46764346764
82.4	1.46764346764
82.5	1.46642246642
82.6	1.4652014652
82.7	1.46275946276
82.8	1.46275946276
82.9	1.46031746032
83	1.4590964591
83.1	1.4590964591
83.2	1.45787545788
83.3	1.45665445665
83.4	1.45421245421
83.5	1.45299145299
83.6	1.45177045177
83.7	1.45054945055
83.8	1.44810744811
83.9	1.44810744811
84	1.44688644689
84.1	1.44566544567
84.2	1.44322344322
84.3	1.44322344322
84.4	1.43956043956
84.5	1.44078144078
84.6	1.43956043956
84.7	1.43711843712
84.8	1.4358974359
84.9	1.43467643468
85	1.43223443223
85.1	1.43101343101
85.2	1.43101343101
85.3	1.42979242979
85.4	1.42857142857
85.5	1.42735042735
85.6	1.42612942613
85.7	1.42490842491
85.8	1.42246642247
85.9	1.42124542125
86	1.42002442002
86.1	1.4188034188
86.2	1.41636141636
86.3	1.41636141636
86.4	1.41514041514
86.5	1.41391941392
86.6	1.4126984127
86.7	1.41147741148
86.8	1.41147741148
86.9	1.40781440781
87	1.40903540904
87.1	1.40415140415
87.2	1.40659340659
87.3	1.40293040293
87.4	1.40170940171
87.5	1.40048840049
87.6	1.40048840049
87.7	1.39926739927
87.8	1.39682539683
87.9	1.39682539683
88	1.3956043956
88.1	1.39316239316
88.2	1.39316239316
88.3	1.39072039072
88.4	1.3894993895
88.5	1.3894993895
88.6	1.38705738706
88.7	1.38583638584
88.8	1.38583638584
88.9	1.38339438339
89	1.38217338217
89.1	1.38095238095
89.2	1.38095238095
89.3	1.37728937729
89.4	1.37851037851
89.5	1.37606837607
89.6	1.37606837607
89.7	1.37240537241
89.8	1.37362637363
89.9	1.37118437118
90	1.36996336996
90.1	1.36874236874
90.2	1.36874236874
90.3	1.36752136752
90.4	1.36507936508
90.5	1.36385836386
90.6	1.36507936508
90.7	1.36141636142
90.8	1.36141636142
90.9	1.35897435897
91	1.35897435897
91.1	1.35653235653
91.2	1.35653235653
91.3	1.35409035409
91.4	1.35409035409
91.5	1.35164835165
91.6	1.35164835165
91.7	1.35042735043
91.8	1.34920634921
91.9	1.34798534799
92	1.34554334554
92.1	1.34554334554
92.2	1.3431013431
92.3	1.34432234432
92.4	1.34188034188
92.5	1.34065934066
92.6	1.33943833944
92.7	1.33821733822
92.8	1.33821733822
92.9	1.33577533578
93	1.336996337
93.1	1.33333333333
93.2	1.33211233211
93.3	1.33333333333
93.4	1.33089133089
93.5	1.32844932845
93.6	1.32967032967
93.7	1.32600732601
93.8	1.32478632479
93.9	1.32600732601
94	1.32356532357
94.1	1.32234432234
94.2	1.32112332112
94.3	1.3199023199
94.4	1.31868131868
94.5	1.31746031746
94.6	1.31746031746
94.7	1.31623931624
94.8	1.31501831502
94.9	1.3137973138
95	1.3137973138
95.1	1.31135531136
95.2	1.31013431013
95.3	1.31013431013
95.4	1.30891330891
95.5	1.30525030525
95.6	1.30647130647
95.7	1.30402930403
95.8	1.30158730159
95.9	1.30280830281
96	1.30158730159
96.1	1.30036630037
96.2	1.29792429792
96.3	1.29914529915
96.4	1.2967032967
96.5	1.29548229548
96.6	1.29548229548
96.7	1.29548229548
96.8	1.29181929182
96.9	1.29181929182
97	1.2905982906
97.1	1.2905982906
97.2	1.28937728938
97.3	1.28815628816
97.4	1.28571428571
97.5	1.28571428571
97.6	1.28449328449
97.7	1.28327228327
97.8	1.28327228327
97.9	1.28083028083
98	1.27960927961
98.1	1.27838827839
98.2	1.27838827839
98.3	1.27716727717
98.4	1.27716727717
98.5	1.27472527473
98.6	1.27472527473
98.7	1.2735042735
98.8	1.2735042735
98.9	1.27106227106
99	1.27228327228
99.1	1.26862026862
99.2	1.26862026862
99.3	1.26617826618
99.4	1.26495726496
99.5	1.26495726496
99.6	1.26373626374
99.7	1.26251526252
99.8	1.26251526252
99.9	1.26007326007
100	1.25885225885
100.1	1.25885225885
100.2	1.25763125763
100.3	1.25641025641
100.4	1.25518925519
100.5	1.25274725275
100.6	1.25396825397
100.7	1.25274725275
100.8	1.25152625153
100.9	1.25152625153
101	1.25030525031
101.1	1.24786324786
101.2	1.24664224664
101.3	1.24542124542
101.4	1.24664224664
101.5	1.24297924298
101.6	1.24297924298
101.7	1.24175824176
101.8	1.24175824176
101.9	1.23931623932
102	1.2380952381
102.1	1.2380952381
102.2	1.2380952381
102.3	1.23687423687
102.4	1.23565323565
102.5	1.23565323565
102.6	1.23199023199
102.7	1.23076923077
102.8	1.23199023199
102.9	1.23076923077
103	1.22832722833
103.1	1.22832722833
103.2	1.22832722833
103.3	1.22588522589
103.4	1.22588522589
103.5	1.22466422466
103.6	1.22344322344
103.7	1.22344322344
103.8	1.22222222222
103.9	1.21978021978
104	1.221001221
104.1	1.21855921856
104.2	1.21733821734
104.3	1.21733821734
104.4	1.21611721612
104.5	1.2148962149
104.6	1.21367521368
104.7	1.21245421245
104.8	1.21245421245
104.9	1.21123321123
105	1.21001221001
105.1	1.20879120879
105.2	1.20757020757
105.3	1.20634920635
105.4	1.20634920635
105.5	1.20634920635
105.6	1.20390720391
105.7	1.20390720391
105.8	1.20146520147
105.9	1.20268620269
106	1.20024420024
106.1	1.20024420024
106.2	1.1978021978
106.3	1.1978021978
106.4	1.19902319902
106.5	1.19658119658
106.6	1.19536019536
106.7	1.19536019536
106.8	1.19291819292
106.9	1.1916971917
107	1.19291819292
107.1	1.19047619048
107.2	1.18803418803
107.3	1.18925518926
107.4	1.18803418803
107.5	1.18681318681
107.6	1.18559218559
107.7	1.18437118437
107.8	1.18315018315
107.9	1.18437118437
108	1.18315018315
108.1	1.18070818071
108.2	1.18070818071
108.3	1.18070818071
108.4	1.17826617827
108.5	1.17826617827
108.6	1.17826617827
108.7	1.17582417582
108.8	1.17704517705
108.9	1.17582417582
109	1.1746031746
109.1	1.17338217338
109.2	1.17216117216
109.3	1.16971916972
109.4	1.17094017094
109.5	1.16971916972
109.6	1.1684981685
109.7	1.16727716728
109.8	1.16727716728
109.9	1.16361416361
110	1.16605616606
110.1	1.16483516484
110.2	1.16361416361
110.3	1.16239316239
110.4	1.16117216117
110.5	1.15995115995
110.6	1.15873015873
110.7	1.15873015873
110.8	1.15750915751
110.9	1.15750915751
111	1.15506715507
111.1	1.15506715507
111.2	1.15506715507
111.3	1.15384615385
111.4	1.1514041514
111.5	1.15262515263
111.6	1.14896214896
111.7	1.14896214896
111.8	1.15018315018
111.9	1.14774114774
112	1.14774114774
112.1	1.14652014652
112.2	1.14652014652
112.3	1.14407814408
112.4	1.14407814408
112.5	1.14285714286
112.6	1.14285714286
112.7	1.14163614164
112.8	1.13919413919
112.9	1.13919413919
113	1.13919413919
113.1	1.13797313797
113.2	1.13797313797
113.3	1.13675213675
113.4	1.13553113553
113.5	1.13431013431
113.6	1.13431013431
113.7	1.13431013431
113.8	1.13308913309
113.9	1.13186813187
114	1.13064713065
114.1	1.12942612943
114.2	1.12942612943
114.3	1.12820512821
114.4	1.12698412698
114.5	1.12576312576
114.6	1.12698412698
114.7	1.12332112332
114.8	1.12454212454
114.9	1.12332112332
115	1.1221001221
115.1	1.12087912088
115.2	1.12087912088
115.3	1.11965811966
115.4	1.11965811966
115.5	1.11843711844
115.6	1.11721611722
115.7	1.11721611722
115.8	1.115995116
115.9	1.115995116
116	1.11477411477
116.1	1.11355311355
116.2	1.11111111111
116.3	1.11111111111
116.4	1.11111111111
116.5	1.10989010989
116.6	1.10989010989
116.7	1.10989010989
116.8	1.10744810745
116.9	1.10622710623
117	1.10500610501
117.1	1.10622710623
117.2	1.10378510379
117.3	1.10378510379
117.4	1.10256410256
117.5	1.10256410256
117.6	1.10134310134
117.7	1.10134310134
117.8	1.10012210012
117.9	1.0989010989
118	1.0989010989
118.1	1.0989010989
118.2	1.09645909646
118.3	1.09645909646
118.4	1.09645909646
118.5	1.09401709402
118.6	1.09401709402
118.7	1.0927960928
118.8	1.09401709402
118.9	1.09035409035
119	1.09157509158
119.1	1.08913308913
119.2	1.09035409035
119.3	1.08791208791
119.4	1.08791208791
119.5	1.08669108669
119.6	1.08669108669
119.7	1.08424908425
119.8	1.08424908425
119.9	1.08547008547
120	1.08424908425
120.1	1.08424908425
120.2	1.08180708181
120.3	1.08180708181
120.4	1.08058608059
120.5	1.07936507937
120.6	1.07814407814
120.7	1.07814407814
120.8	1.07692307692
120.9	1.0757020757
121	1.0757020757
121.1	1.0757020757
121.2	1.07448107448
121.3	1.07203907204
121.4	1.07326007326
121.5	1.07081807082
121.6	1.07081807082
121.7	1.0695970696
121.8	1.0695970696
121.9	1.0695970696
122	1.06837606838
122.1	1.06837606838
122.2	1.06715506716
122.3	1.06593406593
122.4	1.06593406593
122.5	1.06349206349
122.6	1.06471306471
122.7	1.06349206349
122.8	1.06227106227
122.9	1.06105006105
123	1.06105006105
123.1	1.05982905983
123.2	1.05982905983
123.3	1.05982905983
123.4	1.05860805861
123.5	1.05860805861
123.6	1.05738705739
123.7	1.05494505495
123.8	1.05494505495
123.9	1.05494505495
124	1.0525030525
124.1	1.05494505495
124.2	1.05128205128
124.3	1.05128205128
124.4	1.05006105006
124.5	1.05006105006
124.6	1.04884004884
124.7	1.04761904762
124.8	1.04761904762
124.9	1.04517704518
125	1.0463980464
125.1	1.0463980464
125.2	1.0463980464
125.3	1.04395604396
125.4	1.04517704518
125.5	1.04273504274
125.6	1.04273504274
125.7	1.04151404151
125.8	1.04151404151
125.9	1.03907203907
126	1.04151404151
126.1	1.04029304029
126.2	1.03785103785
126.3	1.03785103785
126.4	1.03663003663
126.5	1.03174603175
126.6	1.03663003663
126.7	1.03540903541
126.8	1.03418803419
126.9	1.03296703297
127	1.03296703297
127.1	1.03174603175
127.2	1.03052503053
127.3	1.03296703297
127.4	1.03052503053
127.5	1.02686202686
127.6	1.02808302808
127.7	1.02808302808
127.8	1.02686202686
127.9	1.02686202686
128	1.02686202686
128.1	1.02564102564
128.2	1.02442002442
128.3	1.02442002442
128.4	1.0231990232
128.5	1.0231990232
128.6	1.0231990232
128.7	1.02197802198
128.8	1.01953601954
128.9	1.02075702076
129	1.01831501832
129.1	1.01831501832
129.2	1.01831501832
129.3	1.01831501832
129.4	1.01587301587
129.5	1.01465201465
129.6	1.01587301587
129.7	1.01465201465
129.8	1.01343101343
129.9	1.01221001221
130	1.01221001221
130.1	1.01221001221
130.2	1.00976800977
130.3	1.01098901099
130.4	1.01098901099
130.5	1.00976800977
130.6	1.00854700855
130.7	1.00854700855
130.8	1.00854700855
130.9	1.00610500611
131	1.00610500611
131.1	1.00610500611
131.2	1.00488400488
131.3	1.00488400488
131.4	1.00366300366
131.5	1.00244200244
131.6	1.00366300366
131.7	1.00244200244
131.8	1.00244200244
131.9	1.00122100122
132	1.00122100122
132.1	1
132.2	0.998778998779
132.3	0.997557997558
132.4	0.997557997558
132.5	0.997557997558
132.6	0.996336996337
132.7	0.995115995116
132.8	0.996336996337
132.9	0.993894993895
133	0.993894993895
133.1	0.992673992674
133.2	0.991452991453
133.3	0.991452991453
133.4	0.990231990232
133.5	0.990231990232
133.6	0.990231990232
133.7	0.989010989011
133.8	0.989010989011
133.9	0.989010989011
134	0.989010989011
134.1	0.986568986569
134.2	0.986568986569
134.3	0.986568986569
134.4	0.984126984127
134.5	0.984126984127
134.6	0.984126984127
134.7	0.984126984127
134.8	0.982905982906
134.9	0.982905982906
135	0.981684981685
135.1	0.981684981685
135.2	0.981684981685
135.3	0.980463980464
135.4	0.979242979243
135.5	0.979242979243
135.6	0.979242979243
135.7	0.978021978022
135.8	0.976800976801
135.9	0.976800976801
136	0.97557997558
136.1	0.974358974359
136.2	0.974358974359
136.3	0.973137973138
136.4	0.973137973138
136.5	0.973137973138
136.6	0.971916971917
136.7	0.971916971917
136.8	0.970695970696
136.9	0.969474969475
137	0.969474969475
137.1	0.970695970696
137.2	0.968253968254
137.3	0.969474969475
137.4	0.967032967033
137.5	0.968253968254
137.6	0.965811965812
137.7	0.967032967033
137.8	0.965811965812
137.9	0.964590964591
138	0.96336996337
138.1	0.96336996337
138.2	0.96336996337
138.3	0.962148962149
138.4	0.962148962149
138.5	0.962148962149
138.6	0.959706959707
138.7	0.960927960928
138.8	0.958485958486
138.9	0.959706959707
139	0.958485958486
139.1	0.958485958486
139.2	0.957264957265
139.3	0.957264957265
139.4	0.956043956044
139.5	0.954822954823
139.6	0.953601953602
139.7	0.954822954823
139.8	0.953601953602
139.9	0.953601953602
140	0.952380952381
140.1	0.952380952381
140.2	0.95115995116
140.3	0.95115995116
140.4	0.949938949939
140.5	0.949938949939
140.6	0.949938949939
140.7	0.949938949939
140.8	0.947496947497
140.9	0.947496947497
141	0.947496947497
141.1	0.946275946276
141.2	0.946275946276
141.3	0.946275946276
141.4	0.946275946276
141.5	0.945054945055
141.6	0.945054945055
141.7	0.942612942613
141.8	0.943833943834
141.9	0.942612942613
142	0.940170940171
142.1	0.942612942613
142.2	0.941391941392
142.3	0.940170940171
142.4	0.941391941392
142.5	0.940170940171
142.6	0.93894993895
142.7	0.937728937729
142.8	0.937728937729
142.9	0.935286935287
143	0.937728937729
143.1	0.936507936508
143.2	0.935286935287
143.3	0.935286935287
143.4	0.934065934066
143.5	0.932844932845
143.6	0.932844932845
143.7	0.932844932845
143.8	0.931623931624
143.9	0.932844932845
144	0.931623931624
144.1	0.930402930403
144.2	0.930402930403
144.3	0.929181929182
144.4	0.929181929182
144.5	0.927960927961
144.6	0.927960927961
144.7	0.927960927961
144.8	0.927960927961
144.9	0.92673992674
145	0.925518925519
145.1	0.925518925519
145.2	0.925518925519
145.3	0.924297924298
145.4	0.924297924298
145.5	0.923076923077
145.6	0.921855921856
145.7	0.920634920635
145.8	0.923076923077
145.9	0.921855921856
146	0.921855921856
146.1	0.923076923077
146.2	0.920634920635
146.3	0.921855921856
146.4	0.918192918193
146.5	0.918192918193
146.6	0.918192918193
146.7	0.918192918193
146.8	0.916971916972
146.9	0.915750915751
147	0.915750915751
147.1	0.915750915751
147.2	0.91452991453
147.3	0.91452991453
147.4	0.91452991453
147.5	0.913308913309
147.6	0.912087912088
147.7	0.912087912088
147.8	0.912087912088
147.9	0.910866910867
148	0.910866910867
148.1	0.910866910867
148.2	0.908424908425
148.3	0.910866910867
148.4	0.908424908425
148.5	0.908424908425
148.6	0.907203907204
148.7	0.908424908425
148.8	0.907203907204
148.9	0.905982905983
149	0.904761904762
149.1	0.904761904762
149.2	0.904761904762
149.3	0.905982905983
149.4	0.903540903541
149.5	0.903540903541
149.6	0.903540903541
149.7	0.903540903541
149.8	0.90231990232
149.9	0.901098901099
150	0.901098901099
150.1	0.899877899878
150.2	0.898656898657
150.3	0.899877899878
150.4	0.898656898657
150.5	0.899877899878
150.6	0.898656898657
150.7	0.897435897436
150.8	0.897435897436
150.9	0.897435897436
151	0.896214896215
151.1	0.896214896215
151.2	0.894993894994
151.3	0.894993894994
151.4	0.893772893773
151.5	0.893772893773
151.6	0.892551892552
151.7	0.892551892552
151.8	0.892551892552
151.9	0.892551892552
152	0.891330891331
152.1	0.891330891331
152.2	0.891330891331
152.3	0.891330891331
152.4	0.89010989011
152.5	0.888888888889
152.6	0.888888888889
152.7	0.887667887668
152.8	0.886446886447
152.9	0.887667887668
153	0.886446886447
153.1	0.885225885226
153.2	0.886446886447
153.3	0.885225885226
153.4	0.886446886447
153.5	0.885225885226
153.6	0.885225885226
153.7	0.884004884005
153.8	0.882783882784
153.9	0.882783882784
154	0.884004884005
154.1	0.882783882784
154.2	0.881562881563
154.3	0.880341880342
154.4	0.881562881563
154.5	0.880341880342
154.6	0.880341880342
154.7	0.880341880342
154.8	0.879120879121
154.9	0.876678876679
155	0.879120879121
155.1	0.879120879121
155.2	0.876678876679
155.3	0.876678876679
155.4	0.876678876679
155.5	0.875457875458
155.6	0.876678876679
155.7	0.874236874237
155.8	0.873015873016
155.9	0.874236874237
156	0.874236874237
156.1	0.874236874237
156.2	0.873015873016
156.3	0.874236874237
156.4	0.871794871795
156.5	0.870573870574
156.6	0.871794871795
156.7	0.870573870574
156.8	0.870573870574
156.9	0.870573870574
157	0.869352869353
157.1	0.869352869353
157.2	0.868131868132
157.3	0.868131868132
157.4	0.866910866911
157.5	0.868131868132
157.6	0.86568986569
157.7	0.86568986569
157.8	0.866910866911
157.9	0.86568986569
158	0.864468864469
158.1	0.86568986569
158.2	0.864468864469
158.3	0.863247863248
158.4	0.864468864469
158.5	0.863247863248
158.6	0.862026862027
158.7	0.862026862027
158.8	0.862026862027
158.9	0.862026862027
159	0.862026862027
159.1	0.859584859585
159.2	0.860805860806
159.3	0.860805860806
159.4	0.859584859585
159.5	0.859584859585
159.6	0.857142857143
159.7	0.859584859585
159.8	0.859584859585
159.9	0.858363858364
160	0.855921855922
160.1	0.857142857143
160.2	0.855921855922
160.3	0.854700854701
160.4	0.854700854701
160.5	0.854700854701
160.6	0.854700854701
160.7	0.85347985348
160.8	0.85347985348
160.9	0.852258852259
161	0.85347985348
161.1	0.852258852259
161.2	0.852258852259
161.3	0.852258852259
161.4	0.851037851038
161.5	0.849816849817
161.6	0.851037851038
161.7	0.849816849817
161.8	0.848595848596
161.9	0.849816849817
162	0.848595848596
162.1	0.848595848596
162.2	0.848595848596
162.3	0.847374847375
162.4	0.847374847375
162.5	0.846153846154
162.6	0.846153846154
162.7	0.847374847375
162.8	0.844932844933
162.9	0.844932844933
163	0.844932844933
163.1	0.843711843712
163.2	0.843711843712
163.3	0.843711843712
163.4	0.843711843712
163.5	0.843711843712
163.6	0.842490842491
163.7	0.843711843712
163.8	0.84126984127
163.9	0.842490842491
164	0.84126984127
164.1	0.84126984127
164.2	0.840048840049
164.3	0.840048840049
164.4	0.840048840049
164.5	0.837606837607
164.6	0.840048840049
164.7	0.840048840049
164.8	0.837606837607
164.9	0.837606837607
165	0.837606837607
165.1	0.837606837607
165.2	0.835164835165
165.3	0.837606837607
165.4	0.835164835165
165.5	0.835164835165
165.6	0.835164835165
165.7	0.835164835165
165.8	0.832722832723
165.9	0.833943833944
166	0.833943833944
166.1	0.832722832723
166.2	0.832722832723
166.3	0.832722832723
166.4	0.832722832723
166.5	0.832722832723
166.6	0.831501831502
166.7	0.830280830281
166.8	0.831501831502
166.9	0.830280830281
167	0.830280830281
167.1	0.830280830281
167.2	0.82905982906
167.3	0.82905982906
167.4	0.827838827839
167.5	0.827838827839
167.6	0.827838827839
167.7	0.82905982906
167.8	0.827838827839
167.9	0.826617826618
168	0.826617826618
168.1	0.825396825397
168.2	0.825396825397
168.3	0.825396825397
168.4	0.825396825397
168.5	0.824175824176
168.6	0.825396825397
168.7	0.824175824176
168.8	0.824175824176
168.9	0.822954822955
169	0.822954822955
169.1	0.822954822955
169.2	0.821733821734
169.3	0.821733821734
169.4	0.821733821734
169.5	0.821733821734
169.6	0.819291819292
169.7	0.820512820513
169.8	0.818070818071
169.9	0.820512820513
170	0.818070818071
170.1	0.818070818071
170.2	0.818070818071
170.3	0.81684981685
170.4	0.818070818071
170.5	0.815628815629
170.6	0.818070818071
170.7	0.81684981685
170.8	0.815628815629
170.9	0.81684981685
171	0.815628815629
171.1	0.815628815629
171.2	0.814407814408
171.3	0.815628815629
171.4	0.814407814408
171.5	0.814407814408
171.6	0.813186813187
171.7	0.813186813187
171.8	0.811965811966
171.9	0.811965811966
172	0.813186813187
172.1	0.811965811966
172.2	0.811965811966
172.3	0.809523809524
172.4	0.811965811966
172.5	0.810744810745
172.6	0.810744810745
172.7	0.809523809524
172.8	0.809523809524
172.9	0.808302808303
173	0.809523809524
173.1	0.808302808303
173.2	0.808302808303
173.3	0.809523809524
173.4	0.807081807082
173.5	0.809523809524
173.6	0.807081807082
173.7	0.807081807082
173.8	0.805860805861
173.9	0.807081807082
174	0.807081807082
174.1	0.805860805861
174.2	0.805860805861
174.3	0.805860805861
174.4	0.805860805861
174.5	0.803418803419
174.6	0.803418803419
174.7	0.802197802198
174.8	0.803418803419
174.9	0.803418803419
175	0.802197802198
175.1	0.802197802198
175.2	0.802197802198
175.3	0.802197802198
175.4	0.800976800977
175.5	0.800976800977
175.6	0.800976800977
175.7	0.802197802198
175.8	0.798534798535
175.9	0.798534798535
176	0.798534798535
176.1	0.798534798535
176.2	0.798534798535
176.3	0.799755799756
176.4	0.798534798535
176.5	0.797313797314
176.6	0.797313797314
176.7	0.798534798535
176.8	0.796092796093
176.9	0.796092796093
177	0.796092796093
177.1	0.793650793651
177.2	0.796092796093
177.3	0.796092796093
177.4	0.794871794872
177.5	0.793650793651
177.6	0.793650793651
177.7	0.793650793651
177.8	0.79242979243
177.9	0.793650793651
178	0.79242979243
178.1	0.79242979243
178.2	0.79242979243
178.3	0.79242979243
178.4	0.79242979243
178.5	0.79242979243
178.6	0.791208791209
178.7	0.791208791209
178.8	0.79242979243
178.9	0.789987789988
179	0.789987789988
179.1	0.791208791209
179.2	0.789987789988
179.3	0.788766788767
179.4	0.788766788767
179.5	0.788766788767
179.6	0.788766788767
179.7	0.787545787546
179.8	0.787545787546
179.9	0.786324786325
180	0.787545787546
180.1	0.786324786325
180.2	0.787545787546
180.3	0.786324786325
180.4	0.785103785104
180.5	0.786324786325
180.6	0.786324786325
180.7	0.786324786325
180.8	0.785103785104
180.9	0.785103785104
181	0.785103785104
181.1	0.783882783883
181.2	0.783882783883
181.3	0.782661782662
181.4	0.782661782662
181.5	0.783882783883
181.6	0.782661782662
181.7	0.781440781441
181.8	0.782661782662
181.9	0.781440781441
182	0.782661782662
182.1	0.781440781441
182.2	0.778998778999
182.3	0.781440781441
182.4	0.781440781441
182.5	0.78021978022
182.6	0.778998778999
182.7	0.777777777778
182.8	0.778998778999
182.9	0.778998778999
183	0.778998778999
183.1	0.777777777778
183.2	0.777777777778
183.3	0.776556776557
183.4	0.777777777778
183.5	0.776556776557
183.6	0.777777777778
183.7	0.776556776557
183.8	0.775335775336
183.9	0.775335775336
184	0.775335775336
184.1	0.776556776557
184.2	0.775335775336
184.3	0.775335775336
184.4	0.774114774115
184.5	0.774114774115
184.6	0.774114774115
184.7	0.772893772894
184.8	0.772893772894
184.9	0.774114774115
185	0.774114774115
185.1	0.771672771673
185.2	0.772893772894
185.3	0.771672771673
185.4	0.772893772894
185.5	0.772893772894
185.6	0.771672771673
185.7	0.771672771673
185.8	0.771672771673
185.9	0.769230769231
186	0.769230769231
186.1	0.769230769231
186.2	0.770451770452
186.3	0.769230769231
186.4	0.769230769231
186.5	0.769230769231
186.6	0.769230769231
186.7	0.76800976801
186.8	0.76800976801
186.9	0.766788766789
187	0.766788766789
187.1	0.766788766789
187.2	0.76800976801
187.3	0.76800976801
187.4	0.766788766789
187.5	0.766788766789
187.6	0.766788766789
187.7	0.765567765568
187.8	0.766788766789
187.9	0.765567765568
188	0.764346764347
188.1	0.765567765568
188.2	0.765567765568
188.3	0.764346764347
188.4	0.764346764347
188.5	0.763125763126
188.6	0.763125763126
188.7	0.761904761905
188.8	0.764346764347
188.9	0.761904761905
189	0.764346764347
189.1	0.761904761905
189.2	0.763125763126
189.3	0.761904761905
189.4	0.761904761905
189.5	0.761904761905
189.6	0.760683760684
189.7	0.760683760684
189.8	0.759462759463
189.9	0.759462759463
190	0.760683760684
190.1	0.759462759463
190.2	0.759462759463
190.3	0.759462759463
190.4	0.758241758242
190.5	0.758241758242
190.6	0.758241758242
190.7	0.759462759463
190.8	0.757020757021
190.9	0.758241758242
191	0.758241758242
191.1	0.757020757021
191.2	0.757020757021
191.3	0.7557997558
191.4	0.757020757021
191.5	0.754578754579
191.6	0.754578754579
191.7	0.7557997558
191.8	0.7557997558
191.9	0.7557997558
192	0.7557997558
192.1	0.754578754579
192.2	0.754578754579
192.3	0.754578754579
192.4	0.753357753358
192.5	0.754578754579
192.6	0.753357753358
192.7	0.753357753358
192.8	0.753357753358
192.9	0.752136752137
193	0.753357753358
193.1	0.753357753358
193.2	0.753357753358
193.3	0.750915750916
193.4	0.750915750916
193.5	0.752136752137
193.6	0.752136752137
193.7	0.749694749695
193.8	0.750915750916
193.9	0.749694749695
194	0.750915750916
194.1	0.749694749695
194.2	0.749694749695
194.3	0.748473748474
194.4	0.749694749695
194.5	0.748473748474
194.6	0.748473748474
194.7	0.748473748474
194.8	0.748473748474
194.9	0.748473748474
195	0.747252747253
195.1	0.748473748474
195.2	0.747252747253
195.3	0.747252747253
195.4	0.747252747253
195.5	0.747252747253
195.6	0.747252747253
195.7	0.747252747253
195.8	0.746031746032
195.9	0.744810744811
196	0.744810744811
196.1	0.746031746032
196.2	0.746031746032
196.3	0.744810744811
196.4	0.744810744811
196.5	0.74358974359
196.6	0.744810744811
196.7	0.744810744811
196.8	0.744810744811
196.9	0.744810744811
197	0.744810744811
197.1	0.74358974359
197.2	0.742368742369
197.3	0.742368742369
197.4	0.742368742369
197.5	0.742368742369
197.6	0.742368742369
197.7	0.742368742369
197.8	0.742368742369
197.9	0.742368742369
198	0.742368742369
198.1	0.738705738706
198.2	0.741147741148
198.3	0.739926739927
198.4	0.741147741148
198.5	0.739926739927
198.6	0.739926739927
198.7	0.739926739927
198.8	0.738705738706
198.9	0.738705738706
199	0.739926739927
199.1	0.738705738706
199.2	0.737484737485
199.3	0.737484737485
199.4	0.738705738706
199.5	0.737484737485
199.6	0.737484737485
199.7	0.738705738706
199.8	0.738705738706
199.9	0.737484737485
200	0.738705738706
200.1	0.736263736264
200.2	0.736263736264
200.3	0.736263736264
200.4	0.736263736264
200.5	0.737484737485
200.6	0.736263736264
200.7	0.735042735043
200.8	0.735042735043
200.9	0.736263736264
201	0.736263736264
201.1	0.733821733822
201.2	0.732600732601
201.3	0.735042735043
201.4	0.733821733822
201.5	0.735042735043
201.6	0.733821733822
201.7	0.733821733822
201.8	0.732600732601
201.9	0.732600732601
202	0.732600732601
202.1	0.733821733822
202.2	0.73137973138
202.3	0.73137973138
202.4	0.73137973138
202.5	0.73137973138
202.6	0.730158730159
202.7	0.73137973138
202.8	0.73137973138
202.9	0.73137973138
203	0.730158730159
203.1	0.73137973138
203.2	0.730158730159
203.3	0.730158730159
203.4	0.728937728938
203.5	0.728937728938
203.6	0.730158730159
203.7	0.73137973138
203.8	0.730158730159
203.9	0.728937728938
204	0.730158730159
204.1	0.728937728938
204.2	0.728937728938
204.3	0.727716727717
204.4	0.727716727717
204.5	0.727716727717
204.6	0.728937728938
204.7	0.728937728938
204.8	0.728937728938
204.9	0.727716727717
205	0.727716727717
205.1	0.726495726496
205.2	0.727716727717
205.3	0.725274725275
205.4	0.725274725275
205.5	0.726495726496
205.6	0.725274725275
205.7	0.725274725275
205.8	0.725274725275
205.9	0.725274725275
206	0.725274725275
206.1	0.725274725275
206.2	0.725274725275
206.3	0.725274725275
206.4	0.725274725275
206.5	0.724053724054
206.6	0.724053724054
206.7	0.724053724054
206.8	0.724053724054
206.9	0.724053724054
207	0.722832722833
207.1	0.724053724054
207.2	0.721611721612
207.3	0.721611721612
207.4	0.722832722833
207.5	0.721611721612
207.6	0.721611721612
207.7	0.722832722833
207.8	0.720390720391
207.9	0.722832722833
208	0.720390720391
208.1	0.720390720391
208.2	0.722832722833
208.3	0.720390720391
208.4	0.720390720391
208.5	0.720390720391
208.6	0.71916971917
208.7	0.720390720391
208.8	0.71916971917
208.9	0.71916971917
209	0.71916971917
209.1	0.717948717949
209.2	0.71916971917
209.3	0.71916971917
209.4	0.71916971917
209.5	0.71916971917
209.6	0.71916971917
209.7	0.717948717949
209.8	0.717948717949
209.9	0.717948717949
210	0.716727716728
210.1	0.717948717949
210.2	0.716727716728
210.3	0.716727716728
210.4	0.715506715507
210.5	0.717948717949
210.6	0.716727716728
210.7	0.716727716728
210.8	0.715506715507
210.9	0.716727716728
211	0.715506715507
211.1	0.715506715507
211.2	0.715506715507
211.3	0.715506715507
211.4	0.714285714286
211.5	0.715506715507
211.6	0.714285714286
211.7	0.714285714286
211.8	0.714285714286
211.9	0.714285714286
212	0.714285714286
212.1	0.714285714286
212.2	0.714285714286
212.3	0.715506715507
212.4	0.713064713065
212.5	0.714285714286
212.6	0.713064713065
212.7	0.713064713065
212.8	0.713064713065
212.9	0.713064713065
213	0.713064713065
213.1	0.711843711844
213.2	0.713064713065
213.3	0.711843711844
213.4	0.711843711844
213.5	0.711843711844
213.6	0.710622710623
213.7	0.710622710623
213.8	0.711843711844
213.9	0.711843711844
214	0.710622710623
214.1	0.710622710623
214.2	0.710622710623
214.3	0.710622710623
214.4	0.710622710623
214.5	0.710622710623
214.6	0.709401709402
214.7	0.709401709402
214.8	0.709401709402
214.9	0.709401709402
215	0.709401709402
215.1	0.709401709402
215.2	0.709401709402
215.3	0.708180708181
215.4	0.708180708181
215.5	0.70695970696
215.6	0.708180708181
215.7	0.708180708181
215.8	0.708180708181
215.9	0.70695970696
216	0.708180708181
216.1	0.708180708181
216.2	0.70695970696
216.3	0.708180708181
216.4	0.70695970696
216.5	0.70695970696
216.6	0.70695970696
216.7	0.70695970696
216.8	0.70695970696
216.9	0.705738705739
217	0.705738705739
217.1	0.705738705739
217.2	0.705738705739
217.3	0.705738705739
217.4	0.705738705739
217.5	0.704517704518
217.6	0.705738705739
217.7	0.705738705739
217.8	0.705738705739
217.9	0.704517704518
218	0.704517704518
218.1	0.704517704518
218.2	0.704517704518
218.3	0.704517704518
218.4	0.703296703297
218.5	0.704517704518
218.6	0.704517704518
218.7	0.704517704518
218.8	0.703296703297
218.9	0.704517704518
219	0.704517704518
219.1	0.702075702076
219.2	0.703296703297
219.3	0.703296703297
219.4	0.703296703297
219.5	0.703296703297
219.6	0.703296703297
219.7	0.703296703297
219.8	0.700854700855
219.9	0.700854700855
220	0.700854700855
220.1	0.700854700855
220.2	0.700854700855
220.3	0.700854700855
220.4	0.700854700855
220.5	0.700854700855
220.6	0.700854700855
220.7	0.700854700855
220.8	0.700854700855
220.9	0.699633699634
221	0.699633699634
221.1	0.699633699634
221.2	0.699633699634
221.3	0.699633699634
221.4	0.699633699634
221.5	0.698412698413
221.6	0.699633699634
221.7	0.699633699634
221.8	0.698412698413
221.9	0.698412698413
222	0.698412698413
222.1	0.697191697192
222.2	0.698412698413
222.3	0.698412698413
222.4	0.698412698413
222.5	0.697191697192
222.6	0.697191697192
222.7	0.697191697192
222.8	0.697191697192
222.9	0.698412698413
223	0.695970695971
223.1	0.697191697192
223.2	0.697191697192
223.3	0.697191697192
223.4	0.697191697192
223.5	0.697191697192
223.6	0.695970695971
223.7	0.695970695971
223.8	0.695970695971
223.9	0.695970695971
224	0.695970695971
224.1	0.69474969475
224.2	0.69474969475
224.3	0.69474969475
224.4	0.69474969475
224.5	0.69474969475
224.6	0.69474969475
224.7	0.693528693529
224.8	0.693528693529
224.9	0.692307692308
225	0.693528693529
225.1	0.693528693529
225.2	0.69474969475
225.3	0.693528693529
225.4	0.693528693529
225.5	0.69474969475
225.6	0.693528693529
225.7	0.692307692308
225.8	0.693528693529
225.9	0.693528693529
226	0.693528693529
226.1	0.693528693529
226.2	0.692307692308
226.3	0.692307692308
226.4	0.692307692308
226.5	0.693528693529
226.6	0.692307692308
226.7	0.692307692308
226.8	0.692307692308
226.9	0.691086691087
227	0.691086691087
227.1	0.691086691087
227.2	0.691086691087
227.3	0.691086691087
227.4	0.692307692308
227.5	0.692307692308
227.6	0.691086691087
227.7	0.691086691087
227.8	0.689865689866
227.9	0.688644688645
228	0.691086691087
228.1	0.691086691087
228.2	0.689865689866
228.3	0.691086691087
228.4	0.689865689866
228.5	0.689865689866
228.6	0.691086691087
228.7	0.688644688645
228.8	0.689865689866
228.9	0.691086691087
229	0.689865689866
229.1	0.688644688645
229.2	0.688644688645
229.3	0.689865689866
229.4	0.688644688645
229.5	0.688644688645
229.6	0.687423687424
229.7	0.688644688645
229.8	0.686202686203
229.9	0.688644688645
230	0.687423687424
230.1	0.688644688645
230.2	0.688644688645
230.3	0.684981684982
230.4	0.687423687424
230.5	0.686202686203
230.6	0.687423687424
230.7	0.687423687424
230.8	0.687423687424
230.9	0.687423687424
231	0.686202686203
231.1	0.686202686203
231.2	0.686202686203
231.3	0.687423687424
231.4	0.684981684982
231.5	0.687423687424
231.6	0.687423687424
231.7	0.686202686203
231.8	0.686202686203
231.9	0.686202686203
232	0.684981684982
232.1	0.684981684982
232.2	0.684981684982
232.3	0.684981684982
232.4	0.683760683761
232.5	0.684981684982
232.6	0.686202686203
232.7	0.683760683761
232.8	0.684981684982
232.9	0.684981684982
233	0.684981684982
233.1	0.683760683761
233.2	0.683760683761
233.3	0.683760683761
233.4	0.684981684982
233.5	0.68253968254
233.6	0.683760683761
233.7	0.686202686203
233.8	0.683760683761
233.9	0.68253968254
234	0.68253968254
234.1	0.68253968254
234.2	0.681318681319
234.3	0.683760683761
234.4	0.68253968254
234.5	0.681318681319
234.6	0.681318681319
234.7	0.683760683761
234.8	0.68253968254
234.9	0.681318681319
235	0.680097680098
235.1	0.68253968254
235.2	0.68253968254
235.3	0.681318681319
235.4	0.681318681319
235.5	0.681318681319
235.6	0.681318681319
235.7	0.681318681319
235.8	0.68253968254
235.9	0.681318681319
236	0.680097680098
236.1	0.681318681319
236.2	0.680097680098
236.3	0.681318681319
236.4	0.681318681319
236.5	0.680097680098
236.6	0.680097680098
236.7	0.680097680098
236.8	0.680097680098
236.9	0.678876678877
237	0.680097680098
237.1	0.678876678877
237.2	0.678876678877
237.3	0.678876678877
237.4	0.677655677656
237.5	0.680097680098
237.6	0.677655677656
237.7	0.677655677656
237.8	0.678876678877
237.9	0.678876678877
238	0.678876678877
238.1	0.676434676435
238.2	0.678876678877
238.3	0.677655677656
238.4	0.678876678877
238.5	0.677655677656
238.6	0.677655677656
238.7	0.676434676435
238.8	0.677655677656
238.9	0.678876678877
239	0.677655677656
239.1	0.676434676435
239.2	0.678876678877
239.3	0.676434676435
239.4	0.676434676435
239.5	0.675213675214
239.6	0.677655677656
239.7	0.676434676435
239.8	0.677655677656
239.9	0.677655677656
240	0.676434676435
240.1	0.676434676435
240.2	0.675213675214
240.3	0.676434676435
240.4	0.676434676435
240.5	0.676434676435
240.6	0.675213675214
240.7	0.675213675214
240.8	0.675213675214
240.9	0.675213675214
241	0.676434676435
241.1	0.675213675214
241.2	0.675213675214
241.3	0.675213675214
241.4	0.673992673993
241.5	0.673992673993
241.6	0.673992673993
241.7	0.673992673993
241.8	0.673992673993
241.9	0.673992673993
242	0.672771672772
242.1	0.675213675214
242.2	0.673992673993
242.3	0.673992673993
242.4	0.672771672772
242.5	0.672771672772
242.6	0.675213675214
242.7	0.673992673993
242.8	0.673992673993
242.9	0.673992673993
243	0.673992673993
243.1	0.672771672772
243.2	0.673992673993
243.3	0.672771672772
243.4	0.672771672772
243.5	0.672771672772
243.6	0.672771672772
243.7	0.672771672772
243.8	0.672771672772
243.9	0.672771672772
244	0.672771672772
244.1	0.671550671551
244.2	0.67032967033
244.3	0.672771672772
244.4	0.672771672772
244.5	0.672771672772
244.6	0.671550671551
244.7	0.671550671551
244.8	0.67032967033
244.9	0.672771672772
245	0.671550671551
245.1	0.672771672772
245.2	0.67032967033
245.3	0.671550671551
245.4	0.671550671551
245.5	0.671550671551
245.6	0.671550671551
245.7	0.671550671551
245.8	0.67032967033
245.9	0.671550671551
246	0.671550671551
246.1	0.669108669109
246.2	0.671550671551
246.3	0.67032967033
246.4	0.671550671551
246.5	0.669108669109
246.6	0.671550671551
246.7	0.67032967033
246.8	0.671550671551
246.9	0.67032967033
247	0.67032967033
247.1	0.669108669109
247.2	0.669108669109
247.3	0.67032967033
247.4	0.669108669109
247.5	0.67032967033
247.6	0.669108669109
247.7	0.667887667888
247.8	0.669108669109
247.9	0.669108669109
248	0.669108669109
248.1	0.667887667888
248.2	0.667887667888
248.3	0.669108669109
248.4	0.669108669109
248.5	0.669108669109
248.6	0.667887667888
248.7	0.667887667888
248.8	0.667887667888
248.9	0.669108669109
249	0.669108669109
249.1	0.667887667888
249.2	0.667887667888
249.3	0.667887667888
249.4	0.666666666667
249.5	0.667887667888
249.6	0.667887667888
249.7	0.666666666667
249.8	0.666666666667
249.9	0.666666666667
250	0.666666666667
250.1	0.666666666667
250.2	0.666666666667
250.3	0.667887667888
250.4	0.666666666667
250.5	0.667887667888
250.6	0.665445665446
250.7	0.666666666667
250.8	0.666666666667
250.9	0.666666666667
251	0.666666666667
251.1	0.665445665446
251.2	0.666666666667
251.3	0.666666666667
251.4	0.666666666667
251.5	0.666666666667
251.6	0.666666666667
251.7	0.665445665446
251.8	0.664224664225
251.9	0.665445665446
252	0.665445665446
252.1	0.665445665446
252.2	0.665445665446
252.3	0.664224664225
252.4	0.665445665446
252.5	0.665445665446
252.6	0.664224664225
252.7	0.665445665446
252.8	0.664224664225
252.9	0.664224664225
253	0.664224664225
253.1	0.665445665446
253.2	0.665445665446
253.3	0.664224664225
253.4	0.665445665446
253.5	0.664224664225
253.6	0.664224664225
253.7	0.664224664225
253.8	0.664224664225
253.9	0.663003663004
254	0.661782661783
254.1	0.661782661783
254.2	0.663003663004
254.3	0.664224664225
254.4	0.663003663004
254.5	0.664224664225
254.6	0.664224664225
254.7	0.663003663004
254.8	0.664224664225
254.9	0.661782661783
255	0.663003663004
255.1	0.661782661783
255.2	0.661782661783
255.3	0.661782661783
255.4	0.661782661783
255.5	0.664224664225
255.6	0.661782661783
255.7	0.663003663004
255.8	0.661782661783
255.9	0.663003663004
256	0.660561660562
256.1	0.661782661783
256.2	0.661782661783
256.3	0.661782661783
256.4	0.661782661783
256.5	0.661782661783
256.6	0.660561660562
256.7	0.661782661783
256.8	0.661782661783
256.9	0.661782661783
257	0.661782661783
257.1	0.660561660562
257.2	0.660561660562
257.3	0.661782661783
257.4	0.659340659341
257.5	0.660561660562
257.6	0.661782661783
257.7	0.660561660562
257.8	0.660561660562
257.9	0.660561660562
258	0.660561660562
258.1	0.660561660562
258.2	0.659340659341
258.3	0.660561660562
258.4	0.659340659341
258.5	0.659340659341
258.6	0.659340659341
258.7	0.659340659341
258.8	0.660561660562
258.9	0.659340659341
259	0.659340659341
259.1	0.659340659341
259.2	0.659340659341
259.3	0.659340659341
259.4	0.659340659341
259.5	0.659340659341
259.6	0.659340659341
259.7	0.660561660562
259.8	0.659340659341
259.9	0.65811965812
260	0.659340659341
260.1	0.659340659341
260.2	0.659340659341
260.3	0.659340659341
260.4	0.659340659341
260.5	0.65811965812
260.6	0.659340659341
260.7	0.659340659341
260.8	0.65811965812
260.9	0.65811965812
261	0.65811965812
261.1	0.65811965812
261.2	0.65811965812
261.3	0.656898656899
261.4	0.65811965812
261.5	0.65811965812
261.6	0.656898656899
261.7	0.65811965812
261.8	0.65811965812
261.9	0.656898656899
262	0.65811965812
262.1	0.65811965812
262.2	0.656898656899
262.3	0.65811965812
262.4	0.656898656899
262.5	0.656898656899
262.6	0.656898656899
262.7	0.65811965812
262.8	0.656898656899
262.9	0.655677655678
263	0.65811965812
263.1	0.656898656899
263.2	0.656898656899
263.3	0.656898656899
263.4	0.656898656899
263.5	0.655677655678
263.6	0.656898656899
263.7	0.656898656899
263.8	0.655677655678
263.9	0.656898656899
264	0.655677655678
264.1	0.655677655678
264.2	0.655677655678
264.3	0.656898656899
264.4	0.655677655678
264.5	0.655677655678
264.6	0.655677655678
264.7	0.655677655678
264.8	0.656898656899
264.9	0.655677655678
265	0.654456654457
265.1	0.655677655678
265.2	0.654456654457
265.3	0.655677655678
265.4	0.655677655678
265.5	0.654456654457
265.6	0.655677655678
265.7	0.655677655678
265.8	0.654456654457
265.9	0.654456654457
266	0.655677655678
266.1	0.653235653236
266.2	0.654456654457
266.3	0.655677655678
266.4	0.653235653236
266.5	0.654456654457
266.6	0.654456654457
266.7	0.654456654457
266.8	0.655677655678
266.9	0.654456654457
267	0.654456654457
267.1	0.654456654457
267.2	0.654456654457
267.3	0.655677655678
267.4	0.654456654457
267.5	0.654456654457
267.6	0.653235653236
267.7	0.654456654457
267.8	0.654456654457
267.9	0.654456654457
268	0.653235653236
268.1	0.652014652015
268.2	0.653235653236
268.3	0.653235653236
268.4	0.654456654457
268.5	0.653235653236
268.6	0.654456654457
268.7	0.653235653236
268.8	0.654456654457
268.9	0.653235653236
269	0.652014652015
269.1	0.653235653236
269.2	0.653235653236
269.3	0.654456654457
269.4	0.652014652015
269.5	0.652014652015
269.6	0.653235653236
269.7	0.652014652015
269.8	0.653235653236
269.9	0.653235653236
270	0.653235653236
270.1	0.653235653236
270.2	0.653235653236
270.3	0.653235653236
270.4	0.652014652015
270.5	0.650793650794
270.6	0.653235653236
270.7	0.652014652015
270.8	0.652014652015
270.9	0.652014652015
271	0.652014652015
271.1	0.652014652015
271.2	0.652014652015
271.3	0.652014652015
271.4	0.652014652015
271.5	0.650793650794
271.6	0.650793650794
271.7	0.652014652015
271.8	0.652014652015
271.9	0.650793650794
272	0.652014652015
272.1	0.652014652015
272.2	0.650793650794
272.3	0.650793650794
272.4	0.652014652015
272.5	0.652014652015
272.6	0.650793650794
272.7	0.650793650794
272.8	0.652014652015
272.9	0.650793650794
273	0.650793650794
273.1	0.649572649573
273.2	0.652014652015
273.3	0.650793650794
273.4	0.650793650794
273.5	0.650793650794
273.6	0.650793650794
273.7	0.650793650794
273.8	0.649572649573
273.9	0.650793650794
274	0.650793650794
274.1	0.650793650794
274.2	0.649572649573
274.3	0.650793650794
274.4	0.649572649573
274.5	0.650793650794
274.6	0.649572649573
274.7	0.650793650794
274.8	0.649572649573
274.9	0.650793650794
275	0.649572649573
275.1	0.649572649573
275.2	0.649572649573
275.3	0.650793650794
275.4	0.648351648352
275.5	0.648351648352
275.6	0.649572649573
275.7	0.649572649573
275.8	0.649572649573
275.9	0.649572649573
276	0.648351648352
276.1	0.648351648352
276.2	0.648351648352
276.3	0.648351648352
276.4	0.648351648352
276.5	0.648351648352
276.6	0.648351648352
276.7	0.649572649573
276.8	0.648351648352
276.9	0.649572649573
277	0.648351648352
277.1	0.648351648352
277.2	0.648351648352
277.3	0.648351648352
277.4	0.648351648352
277.5	0.648351648352
277.6	0.648351648352
277.7	0.648351648352
277.8	0.648351648352
277.9	0.648351648352
278	0.648351648352
278.1	0.648351648352
278.2	0.648351648352
278.3	0.648351648352
278.4	0.648351648352
278.5	0.648351648352
278.6	0.648351648352
278.7	0.649572649573
278.8	0.647130647131
278.9	0.647130647131
279	0.648351648352
279.1	0.647130647131
279.2	0.647130647131
279.3	0.647130647131
279.4	0.647130647131
279.5	0.647130647131
279.6	0.648351648352
279.7	0.647130647131
279.8	0.648351648352
279.9	0.647130647131
280	0.647130647131
280.1	0.648351648352
280.2	0.647130647131
280.3	0.64590964591
280.4	0.647130647131
280.5	0.647130647131
280.6	0.647130647131
280.7	0.647130647131
280.8	0.647130647131
280.9	0.647130647131
281	0.647130647131
281.1	0.647130647131
281.2	0.64590964591
281.3	0.64590964591
281.4	0.64590964591
281.5	0.64590964591
281.6	0.647130647131
281.7	0.64590964591
281.8	0.64590964591
281.9	0.64590964591
282	0.647130647131
282.1	0.64590964591
282.2	0.64590964591
282.3	0.647130647131
282.4	0.644688644689
282.5	0.644688644689
282.6	0.64590964591
282.7	0.64590964591
282.8	0.64590964591
282.9	0.643467643468
283	0.64590964591
283.1	0.64590964591
283.2	0.64590964591
283.3	0.644688644689
283.4	0.64590964591
283.5	0.64590964591
283.6	0.64590964591
283.7	0.64590964591
283.8	0.64590964591
283.9	0.644688644689
284	0.644688644689
284.1	0.644688644689
284.2	0.64590964591
284.3	0.64590964591
284.4	0.644688644689
284.5	0.644688644689
284.6	0.644688644689
284.7	0.64590964591
284.8	0.64590964591
284.9	0.644688644689
285	0.644688644689
285.1	0.644688644689
285.2	0.644688644689
285.3	0.643467643468
285.4	0.643467643468
285.5	0.644688644689
285.6	0.64590964591
285.7	0.644688644689
285.8	0.644688644689
285.9	0.644688644689
286	0.644688644689
286.1	0.643467643468
286.2	0.644688644689
286.3	0.642246642247
286.4	0.643467643468
286.5	0.644688644689
286.6	0.642246642247
286.7	0.643467643468
286.8	0.644688644689
286.9	0.643467643468
287	0.644688644689
287.1	0.643467643468
287.2	0.643467643468
287.3	0.643467643468
287.4	0.643467643468
287.5	0.644688644689
287.6	0.642246642247
287.7	0.643467643468
287.8	0.642246642247
287.9	0.644688644689
288	0.642246642247
288.1	0.642246642247
288.2	0.642246642247
288.3	0.642246642247
288.4	0.642246642247
288.5	0.642246642247
288.6	0.642246642247
288.7	0.642246642247
288.8	0.643467643468
288.9	0.642246642247
289	0.642246642247
289.1	0.642246642247
289.2	0.643467643468
289.3	0.642246642247
289.4	0.642246642247
289.5	0.641025641026
289.6	0.641025641026
289.7	0.642246642247
289.8	0.642246642247
289.9	0.642246642247
290	0.642246642247
290.1	0.641025641026
290.2	0.642246642247
290.3	0.641025641026
290.4	0.641025641026
290.5	0.642246642247
290.6	0.641025641026
290.7	0.639804639805
290.8	0.641025641026
290.9	0.642246642247
291	0.641025641026
291.1	0.641025641026
291.2	0.642246642247
291.3	0.642246642247
291.4	0.641025641026
291.5	0.642246642247
291.6	0.639804639805
291.7	0.641025641026
291.8	0.641025641026
291.9	0.641025641026
292	0.641025641026
292.1	0.641025641026
292.2	0.641025641026
292.3	0.641025641026
292.4	0.641025641026
292.5	0.641025641026
292.6	0.639804639805
292.7	0.641025641026
292.8	0.641025641026
292.9	0.641025641026
293	0.639804639805
293.1	0.639804639805
293.2	0.641025641026
293.3	0.639804639805
293.4	0.639804639805
293.5	0.641025641026
293.6	0.639804639805
293.7	0.641025641026
293.8	0.639804639805
293.9	0.639804639805
294	0.641025641026
294.1	0.641025641026
294.2	0.639804639805
294.3	0.639804639805
294.4	0.639804639805
294.5	0.641025641026
294.6	0.639804639805
294.7	0.639804639805
294.8	0.639804639805
294.9	0.639804639805
295	0.639804639805
295.1	0.639804639805
295.2	0.639804639805
295.3	0.639804639805
295.4	0.639804639805
295.5	0.641025641026
295.6	0.639804639805
295.7	0.639804639805
295.8	0.639804639805
295.9	0.639804639805
296	0.639804639805
296.1	0.639804639805
296.2	0.639804639805
296.3	0.639804639805
296.4	0.639804639805
296.5	0.639804639805
296.6	0.638583638584
296.7	0.638583638584
296.8	0.639804639805
296.9	0.639804639805
297	0.638583638584
297.1	0.639804639805
297.2	0.638583638584
297.3	0.639804639805
297.4	0.638583638584
297.5	0.638583638584
297.6	0.638583638584
297.7	0.637362637363
297.8	0.638583638584
297.9	0.638583638584
298	0.639804639805
298.1	0.638583638584
298.2	0.638583638584
298.3	0.638583638584
298.4	0.638583638584
298.5	0.639804639805
298.6	0.638583638584
298.7	0.638583638584
298.8	0.638583638584
298.9	0.637362637363
299	0.639804639805
299.1	0.639804639805
299.2	0.638583638584
299.3	0.638583638584
299.4	0.637362637363
299.5	0.639804639805
299.6	0.638583638584
299.7	0.639804639805
299.8	0.638583638584
299.9	0.638583638584
300	0.638583638584
