t	v
0	0.64590964591
0.1	0.644688644689
0.2	0.644688644689
0.3	0.64590964591
0.4	0.64590964591
0.5	0.644688644689
0.6	0.644688644689
0.7	0.644688644689
0.8	0.64590964591
0.9	0.644688644689
1	0.64590964591
1.1	0.64590964591
1.2	0.644688644689
1.3	0.64590964591
1.4	0.644688644689
1.5	0.644688644689
1.6	0.64590964591
1.7	0.644688644689
1.8	0.644688644689
1.9	0.644688644689
2	0.64590964591
2.1	0.650793650794
2.2	0.671550671551
2.3	0.693528693529
2.4	0.725274725275
2.5	0.769230769231
2.6	0.824175824176
2.7	0.885225885226
2.8	0.954822954823
2.9	1.04029304029
3	1.12576312576
3.1	1.21855921856
3.2	1.33211233211
3.3	1.43711843712
3.4	1.53968253968
3.5	1.6568986569
3.6	1.76800976801
3.7	1.86813186813
3.8	1.96459096459
3.9	2.08302808303
4	2.1916971917
4.1	2.29304029304
4.2	2.40048840049
4.3	2.50305250305
4.4	2.59829059829
4.5	2.68498168498
4.6	2.74603174603
4.7	2.80708180708
4.8	2.86446886447
4.9	2.92918192918
5	3.01831501832
5.1	3.0989010989
5.2	3.16971916972
5.3	3.23687423687
5.4	3.28815628816
5.5	3.33455433455
5.6	3.37973137973
5.7	3.41636141636
5.8	3.45787545788
5.9	3.50671550672
6	3.55311355311
6.1	3.59829059829
6.2	3.63736263736
6.3	3.68131868132
6.4	3.71672771673
6.5	3.74969474969
6.6	3.77655677656
6.7	3.8021978022
6.8	3.82905982906
6.9	3.8485958486
7	3.87301587302
7.1	3.89865689866
7.2	3.92185592186
7.3	3.94139194139
7.4	3.96825396825
7.5	3.99023199023
7.6	4.00854700855
7.7	4.0293040293
7.8	4.04517704518
7.9	4.05982905983
8	4.07814407814
8.1	4.09035409035
8.2	4.10256410256
8.3	4.115995116
8.4	4.12820512821
8.5	4.13797313797
8.6	4.14774114774
8.7	4.15750915751
8.8	4.16483516484
8.9	4.17216117216
9	4.18192918193
9.1	4.18681318681
9.2	4.19536019536
9.3	4.20268620269
9.4	4.20512820513
9.5	4.21001221001
9.6	4.21611721612
9.7	4.221001221
9.8	4.22588522589
9.9	4.22954822955
10	4.23321123321
10.1	4.23443223443
10.2	4.23199023199
10.3	4.23199023199
10.4	4.22954822955
10.5	4.23321123321
10.6	4.23199023199
10.7	4.23443223443
10.8	4.23443223443
10.9	4.22954822955
11	4.22710622711
11.1	4.22466422466
11.2	4.21978021978
11.3	4.21733821734
11.4	4.21367521368
11.5	4.20757020757
11.6	4.20390720391
11.7	4.19536019536
11.8	4.19047619048
11.9	4.18803418803
12	4.18315018315
12.1	4.17826617827
12.2	4.1684981685
12.3	4.16117216117
12.4	4.15384615385
12.5	4.14652014652
12.6	4.13675213675
12.7	4.13064713065
12.8	4.12332112332
12.9	4.11233211233
13	4.10622710623
13.1	4.09768009768
13.2	4.08669108669
13.3	4.07692307692
13.4	4.06715506716
13.5	4.05982905983
13.6	4.04761904762
13.7	4.04029304029
13.8	4.02686202686
13.9	4.01953601954
14	4.00976800977
14.1	4
14.2	3.98778998779
14.3	3.97924297924
14.4	3.96825396825
14.5	3.95726495726
14.6	3.94993894994
14.7	3.93650793651
14.8	3.92796092796
14.9	3.91819291819
15	3.90842490842
15.1	3.89743589744
15.2	3.89010989011
15.3	3.87912087912
15.4	3.86935286935
15.5	3.85592185592
15.6	3.84981684982
15.7	3.84004884005
15.8	3.83272283272
15.9	3.82051282051
16	3.81074481074
16.1	3.80341880342
16.2	3.79242979243
16.3	3.78388278388
16.4	3.77411477411
16.5	3.76312576313
16.6	3.7557997558
16.7	3.74358974359
16.8	3.73748473748
16.9	3.7264957265
17	3.71794871795
17.1	3.70818070818
17.2	3.69963369963
17.3	3.69474969475
17.4	3.68498168498
17.5	3.67277167277
17.6	3.66666666667
17.7	3.65567765568
17.8	3.64835164835
17.9	3.6398046398
18	3.6336996337
18.1	3.62148962149
18.2	3.61416361416
18.3	3.60561660562
18.4	3.59706959707
18.5	3.58852258852
18.6	3.5811965812
18.7	3.57142857143
18.8	3.56654456654
18.9	3.55555555556
19	3.54945054945
19.1	3.5409035409
19.2	3.53357753358
19.3	3.52380952381
19.4	3.51648351648
19.5	3.50793650794
19.6	3.49816849817
19.7	3.49084249084
19.8	3.48351648352
19.9	3.47619047619
20	3.46764346764
20.1	3.46153846154
20.2	3.44932844933
20.3	3.44444444444
20.4	3.43711843712
20.5	3.42857142857
20.6	3.42246642247
20.7	3.41514041514
20.8	3.40537240537
20.9	3.40048840049
21	3.39194139194
21.1	3.38461538462
21.2	3.37728937729
21.3	3.36996336996
21.4	3.36385836386
21.5	3.35653235653
21.6	3.34798534799
21.7	3.3431013431
21.8	3.33577533578
21.9	3.32722832723
22	3.32112332112
22.1	3.31501831502
22.2	3.30891330891
22.3	3.29792429792
22.4	3.29304029304
22.5	3.28571428571
22.6	3.27838827839
22.7	3.27228327228
22.8	3.26617826618
22.9	3.25763125763
23	3.25152625153
23.1	3.24542124542
23.2	3.2380952381
23.3	3.23199023199
23.4	3.22588522589
23.5	3.21733821734
23.6	3.21245421245
23.7	3.20757020757
23.8	3.19902319902
23.9	3.1916971917
24	3.18681318681
24.1	3.17948717949
24.2	3.1746031746
24.3	3.16727716728
24.4	3.15995115995
24.5	3.15384615385
24.6	3.14896214896
24.7	3.14285714286
24.8	3.13797313797
24.9	3.13186813187
25	3.12332112332
25.1	3.11843711844
25.2	3.11111111111
25.3	3.10378510379
25.4	3.0989010989
25.5	3.0927960928
25.6	3.08669108669
25.7	3.08302808303
25.8	3.07448107448
25.9	3.0695970696
26	3.06227106227
26.1	3.05860805861
26.2	3.05006105006
26.3	3.04761904762
26.4	3.04151404151
26.5	3.03540903541
26.6	3.03052503053
26.7	3.0231990232
26.8	3.01831501832
26.9	3.01465201465
27	3.00488400488
27.1	3
27.2	2.99511599512
27.3	2.99023199023
27.4	2.98412698413
27.5	2.97924297924
27.6	2.97435897436
27.7	2.96825396825
27.8	2.96336996337
27.9	2.95848595849
28	2.95115995116
28.1	2.94505494505
28.2	2.94017094017
28.3	2.93650793651
28.4	2.93284493284
28.5	2.9242979243
28.6	2.91819291819
28.7	2.91452991453
28.8	2.90842490842
28.9	2.90476190476
29	2.89987789988
29.1	2.89377289377
29.2	2.88644688645
29.3	2.884004884
29.4	2.87912087912
29.5	2.87301587302
29.6	2.86691086691
29.7	2.86446886447
29.8	2.85714285714
29.9	2.85225885226
30	2.8485958486
30.1	2.84371184371
30.2	2.83882783883
30.3	2.83394383394
30.4	2.82783882784
30.5	2.82295482295
30.6	2.81929181929
30.7	2.81318681319
30.8	2.8083028083
30.9	2.80341880342
31	2.79853479853
31.1	2.79242979243
31.2	2.78998778999
31.3	2.78388278388
31.4	2.778998779
31.5	2.77655677656
31.6	2.76923076923
31.7	2.76434676435
31.8	2.76068376068
31.9	2.7557997558
32	2.75213675214
32.1	2.74847374847
32.2	2.74481074481
32.3	2.73992673993
32.4	2.73137973138
32.5	2.72771672772
32.6	2.72527472527
32.7	2.71916971917
32.8	2.71428571429
32.9	2.71062271062
33	2.70695970696
33.1	2.70207570208
33.2	2.69841269841
33.3	2.69230769231
33.4	2.68864468864
33.5	2.68498168498
33.6	2.67887667888
33.7	2.67521367521
33.8	2.67155067155
33.9	2.66544566545
34	2.66178266178
34.1	2.65934065934
34.2	2.65323565324
34.3	2.64957264957
34.4	2.64590964591
34.5	2.64224664225
34.6	2.63492063492
34.7	2.6336996337
34.8	2.63003663004
34.9	2.62393162393
35	2.62148962149
35.1	2.61538461538
35.2	2.6105006105
35.3	2.60805860806
35.4	2.60561660562
35.5	2.60073260073
35.6	2.59462759463
35.7	2.59340659341
35.8	2.58608058608
35.9	2.58363858364
36	2.57997557998
36.1	2.57509157509
36.2	2.57020757021
36.3	2.56776556777
36.4	2.56288156288
36.5	2.55921855922
36.6	2.55555555556
36.7	2.55189255189
36.8	2.54822954823
36.9	2.54334554335
37	2.53968253968
37.1	2.53601953602
37.2	2.52991452991
37.3	2.52747252747
37.4	2.52380952381
37.5	2.52136752137
37.6	2.51648351648
37.7	2.5115995116
37.8	2.51037851038
37.9	2.50549450549
38	2.50183150183
38.1	2.49694749695
38.2	2.49206349206
38.3	2.49084249084
38.4	2.48717948718
38.5	2.48107448107
38.6	2.47863247863
38.7	2.47619047619
38.8	2.47130647131
38.9	2.47008547009
39	2.46275946276
39.1	2.46153846154
39.2	2.45665445665
39.3	2.45299145299
39.4	2.44932844933
39.5	2.44444444444
39.6	2.44322344322
39.7	2.43956043956
39.8	2.43711843712
39.9	2.43223443223
40	2.42979242979
40.1	2.42612942613
40.2	2.42246642247
40.3	2.41758241758
40.4	2.41514041514
40.5	2.41147741148
40.6	2.40659340659
40.7	2.40415140415
40.8	2.40048840049
40.9	2.3956043956
41	2.39438339438
41.1	2.3894993895
41.2	2.38705738706
41.3	2.38339438339
41.4	2.37851037851
41.5	2.37606837607
41.6	2.37240537241
41.7	2.36996336996
41.8	2.36752136752
41.9	2.36263736264
42	2.3601953602
42.1	2.35653235653
42.2	2.35286935287
42.3	2.35164835165
42.4	2.34676434676
42.5	2.34432234432
42.6	2.33943833944
42.7	2.33577533578
42.8	2.33211233211
42.9	2.33089133089
43	2.32600732601
43.1	2.32478632479
43.2	2.3199023199
43.3	2.31501831502
43.4	2.3137973138
43.5	2.31013431013
43.6	2.30769230769
43.7	2.30402930403
43.8	2.30158730159
43.9	2.29792429792
44	2.29426129426
44.1	2.29304029304
44.2	2.28815628816
44.3	2.28571428571
44.4	2.28205128205
44.5	2.27838827839
44.6	2.27594627595
44.7	2.2735042735
44.8	2.26984126984
44.9	2.2673992674
45	2.26373626374
45.1	2.26007326007
45.2	2.25641025641
45.3	2.25396825397
45.4	2.25274725275
45.5	2.25030525031
45.6	2.24542124542
45.7	2.24175824176
45.8	2.24053724054
45.9	2.23687423687
46	2.23443223443
46.1	2.22954822955
46.2	2.22832722833
46.3	2.22466422466
46.4	2.22222222222
46.5	2.21978021978
46.6	2.2148962149
46.7	2.21367521368
46.8	2.21001221001
46.9	2.20757020757
47	2.20390720391
47.1	2.20146520147
47.2	2.1978021978
47.3	2.19536019536
47.4	2.19413919414
47.5	2.18925518926
47.6	2.18925518926
47.7	2.18315018315
47.8	2.17948717949
47.9	2.17948717949
48	2.1746031746
48.1	2.17216117216
48.2	2.17094017094
48.3	2.16605616606
48.4	2.16239316239
48.5	2.15995115995
48.6	2.15873015873
48.7	2.15506715507
48.8	2.15384615385
48.9	2.15018315018
49	2.14652014652
49.1	2.14407814408
49.2	2.14041514042
49.3	2.14041514042
49.4	2.13675213675
49.5	2.13308913309
49.6	2.12820512821
49.7	2.12942612943
49.8	2.12454212454
49.9	2.12454212454
50	2.11965811966
50.1	2.11721611722
50.2	2.11355311355
50.3	2.11233211233
50.4	2.10866910867
50.5	2.10500610501
50.6	2.10378510379
50.7	2.10012210012
50.8	2.0989010989
50.9	2.09645909646
51	2.09401709402
51.1	2.09035409035
51.2	2.08791208791
51.3	2.08424908425
51.4	2.08302808303
51.5	2.08058608059
51.6	2.07936507937
51.7	2.07448107448
51.8	2.07203907204
51.9	2.07081807082
52	2.06837606838
52.1	2.06593406593
52.2	2.06349206349
52.3	2.05860805861
52.4	2.05738705739
52.5	2.05494505495
52.6	2.0525030525
52.7	2.05128205128
52.8	2.04761904762
52.9	2.0463980464
53	2.04151404151
53.1	2.03907203907
53.2	2.03663003663
53.3	2.03540903541
53.4	2.03174603175
53.5	2.0293040293
53.6	2.02686202686
53.7	2.02564102564
53.8	2.02197802198
53.9	2.01953601954
54	2.01709401709
54.1	2.01343101343
54.2	2.01221001221
54.3	2.01221001221
54.4	2.00732600733
54.5	2.00610500611
54.6	2.00366300366
54.7	2
54.8	1.99877899878
54.9	1.99511599512
55	1.99389499389
55.1	1.99267399267
55.2	1.98778998779
55.3	1.98778998779
55.4	1.98412698413
55.5	1.98168498168
55.6	1.97924297924
55.7	1.97435897436
55.8	1.97435897436
55.9	1.97191697192
56	1.9706959707
56.1	1.96947496947
56.2	1.96459096459
56.3	1.96459096459
56.4	1.96092796093
56.5	1.95970695971
56.6	1.95604395604
56.7	1.9536019536
56.8	1.94871794872
56.9	1.94871794872
57	1.94627594628
57.1	1.94627594628
57.2	1.94261294261
57.3	1.94017094017
57.4	1.93650793651
57.5	1.93528693529
57.6	1.93406593407
57.7	1.93162393162
57.8	1.92918192918
57.9	1.92551892552
58	1.92307692308
58.1	1.92185592186
58.2	1.91941391941
58.3	1.91819291819
58.4	1.91575091575
58.5	1.91330891331
58.6	1.91086691087
58.7	1.90842490842
58.8	1.9072039072
58.9	1.90354090354
59	1.90231990232
59.1	1.90231990232
59.2	1.89743589744
59.3	1.89499389499
59.4	1.89255189255
59.5	1.89010989011
59.6	1.88888888889
59.7	1.88644688645
59.8	1.884004884
59.9	1.884004884
60	1.88034188034
60.1	1.8778998779
60.2	1.87545787546
60.3	1.87423687424
60.4	1.87179487179
60.5	1.87179487179
60.6	1.86813186813
60.7	1.86568986569
60.8	1.86324786325
60.9	1.85958485958
61	1.85958485958
61.1	1.85836385836
61.2	1.85347985348
61.3	1.85225885226
61.4	1.84981684982
61.5	1.8485958486
61.6	1.84615384615
61.7	1.84371184371
61.8	1.84371184371
61.9	1.84126984127
62	1.83882783883
62.1	1.83760683761
62.2	1.83272283272
62.3	1.83272283272
62.4	1.83028083028
62.5	1.82905982906
62.6	1.82661782662
62.7	1.82417582418
62.8	1.82295482295
62.9	1.82051282051
63	1.81929181929
63.1	1.81562881563
63.2	1.81440781441
63.3	1.81196581197
63.4	1.81074481074
63.5	1.8083028083
63.6	1.80708180708
63.7	1.80341880342
63.8	1.8021978022
63.9	1.80097680098
64	1.79975579976
64.1	1.79731379731
64.2	1.79609279609
64.3	1.79242979243
64.4	1.79120879121
64.5	1.78876678877
64.6	1.78754578755
64.7	1.78388278388
64.8	1.78266178266
64.9	1.78021978022
65	1.78021978022
65.1	1.77777777778
65.2	1.77533577534
65.3	1.77289377289
65.4	1.77045177045
65.5	1.76923076923
65.6	1.76800976801
65.7	1.76556776557
65.8	1.76434676435
65.9	1.76312576313
66	1.76068376068
66.1	1.75824175824
66.2	1.7557997558
66.3	1.75457875458
66.4	1.75335775336
66.5	1.75091575092
66.6	1.74969474969
66.7	1.74725274725
66.8	1.74481074481
66.9	1.74358974359
67	1.74114774115
67.1	1.73992673993
67.2	1.73748473748
67.3	1.73748473748
67.4	1.73504273504
67.5	1.7326007326
67.6	1.73015873016
67.7	1.72893772894
67.8	1.7264957265
67.9	1.72527472527
68	1.72405372405
68.1	1.72283272283
68.2	1.71794871795
68.3	1.71794871795
68.4	1.71672771673
68.5	1.71428571429
68.6	1.71306471306
68.7	1.71062271062
68.8	1.70818070818
68.9	1.70695970696
69	1.70573870574
69.1	1.7032967033
69.2	1.70207570208
69.3	1.70085470085
69.4	1.69841269841
69.5	1.69597069597
69.6	1.69352869353
69.7	1.69474969475
69.8	1.69108669109
69.9	1.68986568987
70	1.6862026862
70.1	1.6862026862
70.2	1.68498168498
70.3	1.68253968254
70.4	1.68131868132
70.5	1.6800976801
70.6	1.67765567766
70.7	1.67643467643
70.8	1.67399267399
70.9	1.67155067155
71	1.67155067155
71.1	1.66788766789
71.2	1.66666666667
71.3	1.66666666667
71.4	1.663003663
71.5	1.663003663
71.6	1.65934065934
71.7	1.66056166056
71.8	1.6568986569
71.9	1.65567765568
72	1.65323565324
72.1	1.65079365079
72.2	1.65079365079
72.3	1.64957264957
72.4	1.64713064713
72.5	1.64590964591
72.6	1.64468864469
72.7	1.64346764347
72.8	1.64102564103
72.9	1.63858363858
73	1.63614163614
73.1	1.63614163614
73.2	1.6336996337
73.3	1.63247863248
73.4	1.63125763126
73.5	1.63003663004
73.6	1.62637362637
73.7	1.62637362637
73.8	1.62515262515
73.9	1.62271062271
74	1.62148962149
74.1	1.61904761905
74.2	1.61782661783
74.3	1.61538461538
74.4	1.61416361416
74.5	1.61294261294
74.6	1.61172161172
74.7	1.6105006105
74.8	1.60805860806
74.9	1.60561660562
75	1.6043956044
75.1	1.6043956044
75.2	1.60073260073
75.3	1.60195360195
75.4	1.59829059829
75.5	1.59706959707
75.6	1.59462759463
75.7	1.59462759463
75.8	1.59218559219
75.9	1.59218559219
76	1.58608058608
76.1	1.5873015873
76.2	1.58608058608
76.3	1.58485958486
76.4	1.58363858364
76.5	1.58241758242
76.6	1.57997557998
76.7	1.57875457875
76.8	1.57509157509
76.9	1.57509157509
77	1.57387057387
77.1	1.57142857143
77.2	1.57020757021
77.3	1.57142857143
77.4	1.56776556777
77.5	1.56776556777
77.6	1.56532356532
77.7	1.5641025641
77.8	1.56043956044
77.9	1.55921855922
78	1.55921855922
78.1	1.55677655678
78.2	1.55555555556
78.3	1.55433455433
78.4	1.55311355311
78.5	1.55189255189
78.6	1.54945054945
78.7	1.54700854701
78.8	1.54700854701
78.9	1.54578754579
79	1.54212454212
79.1	1.54334554335
79.2	1.54212454212
79.3	1.53846153846
79.4	1.53724053724
79.5	1.53601953602
79.6	1.53357753358
79.7	1.5347985348
79.8	1.53113553114
79.9	1.53113553114
80	1.52991452991
80.1	1.52869352869
80.2	1.52503052503
80.3	1.52747252747
80.4	1.52380952381
80.5	1.52136752137
80.6	1.52014652015
80.7	1.51892551893
80.8	1.5177045177
80.9	1.51404151404
81	1.51282051282
81.1	1.51282051282
81.2	1.5115995116
81.3	1.5115995116
81.4	1.50915750916
81.5	1.50793650794
81.6	1.50671550672
81.7	1.50427350427
81.8	1.50305250305
81.9	1.50305250305
82	1.50061050061
82.1	1.50061050061
82.2	1.49694749695
82.3	1.49572649573
82.4	1.49572649573
82.5	1.49328449328
82.6	1.49328449328
82.7	1.48962148962
82.8	1.49084249084
82.9	1.4884004884
83	1.4884004884
83.1	1.48595848596
83.2	1.48351648352
83.3	1.48351648352
83.4	1.48107448107
83.5	1.47863247863
83.6	1.47985347985
83.7	1.47741147741
83.8	1.47619047619
83.9	1.47496947497
84	1.47374847375
84.1	1.47130647131
84.2	1.47130647131
84.3	1.46764346764
84.4	1.46764346764
84.5	1.46642246642
84.6	1.4652014652
84.7	1.4652014652
84.8	1.46275946276
84.9	1.46153846154
85	1.45787545788
85.1	1.4590964591
85.2	1.4590964591
85.3	1.45665445665
85.4	1.45543345543
85.5	1.45543345543
85.6	1.45299145299
85.7	1.45054945055
85.8	1.45177045177
85.9	1.44810744811
86	1.44810744811
86.1	1.44566544567
86.2	1.44444444444
86.3	1.442002442
86.4	1.44078144078
86.5	1.43956043956
86.6	1.43956043956
86.7	1.43833943834
86.8	1.43711843712
86.9	1.43467643468
87	1.43345543346
87.1	1.43345543346
87.2	1.43101343101
87.3	1.43101343101
87.4	1.42979242979
87.5	1.42857142857
87.6	1.42857142857
87.7	1.42490842491
87.8	1.42368742369
87.9	1.42124542125
88	1.42124542125
88.1	1.42002442002
88.2	1.4188034188
88.3	1.41758241758
88.4	1.41514041514
88.5	1.41514041514
88.6	1.41514041514
88.7	1.41147741148
88.8	1.41147741148
88.9	1.40903540904
89	1.40903540904
89.1	1.40781440781
89.2	1.40659340659
89.3	1.40659340659
89.4	1.40415140415
89.5	1.40293040293
89.6	1.40048840049
89.7	1.39926739927
89.8	1.39804639805
89.9	1.39682539683
90	1.39682539683
90.1	1.3956043956
90.2	1.39438339438
90.3	1.39438339438
90.4	1.39194139194
90.5	1.3894993895
90.6	1.38827838828
90.7	1.38827838828
90.8	1.38583638584
90.9	1.38339438339
91	1.38461538462
91.1	1.38217338217
91.2	1.38217338217
91.3	1.38095238095
91.4	1.37973137973
91.5	1.38095238095
91.6	1.37606837607
91.7	1.37606837607
91.8	1.37484737485
91.9	1.37484737485
92	1.37240537241
92.1	1.36996336996
92.2	1.36996336996
92.3	1.36874236874
92.4	1.36996336996
92.5	1.3663003663
92.6	1.36507936508
92.7	1.36385836386
92.8	1.36263736264
92.9	1.36141636142
93	1.36141636142
93.1	1.35897435897
93.2	1.35897435897
93.3	1.35775335775
93.4	1.35531135531
93.5	1.35286935287
93.6	1.35286935287
93.7	1.35286935287
93.8	1.35164835165
93.9	1.35042735043
94	1.34920634921
94.1	1.34798534799
94.2	1.34798534799
94.3	1.34554334554
94.4	1.3431013431
94.5	1.34554334554
94.6	1.3431013431
94.7	1.33943833944
94.8	1.34065934066
94.9	1.33943833944
95	1.33821733822
95.1	1.336996337
95.2	1.33455433455
95.3	1.33333333333
95.4	1.33333333333
95.5	1.33089133089
95.6	1.33089133089
95.7	1.33089133089
95.8	1.32844932845
95.9	1.32844932845
96	1.32600732601
96.1	1.32478632479
96.2	1.32356532357
96.3	1.32478632479
96.4	1.32234432234
96.5	1.32112332112
96.6	1.31868131868
96.7	1.3199023199
96.8	1.31868131868
96.9	1.31623931624
97	1.31501831502
97.1	1.31501831502
97.2	1.3137973138
97.3	1.31257631258
97.4	1.31135531136
97.5	1.31013431013
97.6	1.30891330891
97.7	1.30647130647
97.8	1.30891330891
97.9	1.30647130647
98	1.30402930403
98.1	1.30402930403
98.2	1.30158730159
98.3	1.30280830281
98.4	1.30158730159
98.5	1.30036630037
98.6	1.30036630037
98.7	1.29792429792
98.8	1.2967032967
98.9	1.29548229548
99	1.29426129426
99.1	1.29304029304
99.2	1.29304029304
99.3	1.29181929182
99.4	1.28937728938
99.5	1.28937728938
99.6	1.28937728938
99.7	1.28693528694
99.8	1.28693528694
99.9	1.28449328449
100	1.28205128205
100.1	1.28327228327
100.2	1.28083028083
100.3	1.27960927961
100.4	1.27838827839
100.5	1.27960927961
100.6	1.27716727717
100.7	1.27594627595
100.8	1.27594627595
100.9	1.27472527473
101	1.2735042735
101.1	1.27228327228
101.2	1.27228327228
101.3	1.26984126984
101.4	1.26984126984
101.5	1.2673992674
101.6	1.2673992674
101.7	1.26617826618
101.8	1.26495726496
101.9	1.26495726496
102	1.26495726496
102.1	1.26251526252
102.2	1.26129426129
102.3	1.26129426129
102.4	1.25885225885
102.5	1.25885225885
102.6	1.25763125763
102.7	1.25641025641
102.8	1.25641025641
102.9	1.25518925519
103	1.25274725275
103.1	1.25274725275
103.2	1.25152625153
103.3	1.25152625153
103.4	1.25030525031
103.5	1.25030525031
103.6	1.24786324786
103.7	1.24664224664
103.8	1.24664224664
103.9	1.24297924298
104	1.24297924298
104.1	1.24297924298
104.2	1.24175824176
104.3	1.24053724054
104.4	1.23931623932
104.5	1.2380952381
104.6	1.23687423687
104.7	1.23687423687
104.8	1.23565323565
104.9	1.23565323565
105	1.23443223443
105.1	1.23321123321
105.2	1.23199023199
105.3	1.23076923077
105.4	1.23076923077
105.5	1.22954822955
105.6	1.22832722833
105.7	1.22832722833
105.8	1.22588522589
105.9	1.22588522589
106	1.22466422466
106.1	1.22344322344
106.2	1.22222222222
106.3	1.22222222222
106.4	1.221001221
106.5	1.221001221
106.6	1.21855921856
106.7	1.21733821734
106.8	1.21733821734
106.9	1.21611721612
107	1.21611721612
107.1	1.2148962149
107.2	1.21245421245
107.3	1.21367521368
107.4	1.21367521368
107.5	1.20879120879
107.6	1.21001221001
107.7	1.20879120879
107.8	1.20757020757
107.9	1.20757020757
108	1.20634920635
108.1	1.20512820513
108.2	1.20512820513
108.3	1.20390720391
108.4	1.20268620269
108.5	1.20268620269
108.6	1.20146520147
108.7	1.19902319902
108.8	1.19902319902
108.9	1.1978021978
109	1.19658119658
109.1	1.19536019536
109.2	1.19413919414
109.3	1.19291819292
109.4	1.19413919414
109.5	1.19413919414
109.6	1.19291819292
109.7	1.19047619048
109.8	1.19047619048
109.9	1.18925518926
110	1.18803418803
110.1	1.18925518926
110.2	1.18559218559
110.3	1.18437118437
110.4	1.18437118437
110.5	1.18437118437
110.6	1.18315018315
110.7	1.18315018315
110.8	1.18070818071
110.9	1.17948717949
111	1.18070818071
111.1	1.17826617827
111.2	1.17826617827
111.3	1.17704517705
111.4	1.17582417582
111.5	1.1746031746
111.6	1.17338217338
111.7	1.17338217338
111.8	1.17338217338
111.9	1.17216117216
112	1.17216117216
112.1	1.16971916972
112.2	1.16971916972
112.3	1.1684981685
112.4	1.16727716728
112.5	1.16605616606
112.6	1.16483516484
112.7	1.16483516484
112.8	1.16483516484
112.9	1.16361416361
113	1.16239316239
113.1	1.16117216117
113.2	1.16117216117
113.3	1.15995115995
113.4	1.15873015873
113.5	1.15628815629
113.6	1.15750915751
113.7	1.15750915751
113.8	1.15628815629
113.9	1.15506715507
114	1.15384615385
114.1	1.15262515263
114.2	1.1514041514
114.3	1.1514041514
114.4	1.1514041514
114.5	1.14896214896
114.6	1.14896214896
114.7	1.14774114774
114.8	1.14652014652
114.9	1.14652014652
115	1.1452991453
115.1	1.1452991453
115.2	1.14285714286
115.3	1.14285714286
115.4	1.14285714286
115.5	1.14163614164
115.6	1.14163614164
115.7	1.14041514042
115.8	1.14041514042
115.9	1.13797313797
116	1.13675213675
116.1	1.13675213675
116.2	1.13553113553
116.3	1.13553113553
116.4	1.13431013431
116.5	1.13308913309
116.6	1.13308913309
116.7	1.13064713065
116.8	1.13186813187
116.9	1.13064713065
117	1.13064713065
117.1	1.12942612943
117.2	1.12698412698
117.3	1.12698412698
117.4	1.12576312576
117.5	1.12454212454
117.6	1.12454212454
117.7	1.12454212454
117.8	1.12332112332
117.9	1.12332112332
118	1.12087912088
118.1	1.11965811966
118.2	1.12087912088
118.3	1.11965811966
118.4	1.11843711844
118.5	1.11721611722
118.6	1.115995116
118.7	1.115995116
118.8	1.115995116
118.9	1.11355311355
119	1.11355311355
119.1	1.11355311355
119.2	1.11111111111
119.3	1.11233211233
119.4	1.10989010989
119.5	1.10989010989
119.6	1.10989010989
119.7	1.10866910867
119.8	1.10744810745
119.9	1.10744810745
120	1.10622710623
120.1	1.10500610501
120.2	1.10500610501
120.3	1.10256410256
120.4	1.10378510379
120.5	1.10256410256
120.6	1.10256410256
120.7	1.10134310134
120.8	1.10012210012
120.9	1.10012210012
121	1.10012210012
121.1	1.0989010989
121.2	1.09768009768
121.3	1.09768009768
121.4	1.09645909646
121.5	1.09523809524
121.6	1.09523809524
121.7	1.09401709402
121.8	1.0927960928
121.9	1.09157509158
122	1.09035409035
122.1	1.09157509158
122.2	1.08913308913
122.3	1.08913308913
122.4	1.08791208791
122.5	1.08669108669
122.6	1.08791208791
122.7	1.08547008547
122.8	1.08547008547
122.9	1.08424908425
123	1.08424908425
123.1	1.08302808303
123.2	1.08180708181
123.3	1.08302808303
123.4	1.08180708181
123.5	1.07936507937
123.6	1.07936507937
123.7	1.07814407814
123.8	1.07814407814
123.9	1.07814407814
124	1.07692307692
124.1	1.0757020757
124.2	1.07448107448
124.3	1.07448107448
124.4	1.07326007326
124.5	1.07326007326
124.6	1.07203907204
124.7	1.07081807082
124.8	1.07081807082
124.9	1.0695970696
125	1.0695970696
125.1	1.0695970696
125.2	1.06715506716
125.3	1.0695970696
125.4	1.06715506716
125.5	1.06593406593
125.6	1.06715506716
125.7	1.06471306471
125.8	1.06471306471
125.9	1.06227106227
126	1.06349206349
126.1	1.06227106227
126.2	1.06227106227
126.3	1.05982905983
126.4	1.05982905983
126.5	1.05860805861
126.6	1.05738705739
126.7	1.05738705739
126.8	1.05738705739
126.9	1.05616605617
127	1.05494505495
127.1	1.05494505495
127.2	1.05616605617
127.3	1.0525030525
127.4	1.0525030525
127.5	1.0525030525
127.6	1.0525030525
127.7	1.05128205128
127.8	1.05128205128
127.9	1.04884004884
128	1.04761904762
128.1	1.04884004884
128.2	1.04761904762
128.3	1.0463980464
128.4	1.0463980464
128.5	1.0463980464
128.6	1.04517704518
128.7	1.04395604396
128.8	1.04395604396
128.9	1.04273504274
129	1.04395604396
129.1	1.04151404151
129.2	1.04029304029
129.3	1.03907203907
129.4	1.04029304029
129.5	1.03907203907
129.6	1.03907203907
129.7	1.03785103785
129.8	1.03540903541
129.9	1.03540903541
130	1.03663003663
130.1	1.03540903541
130.2	1.03540903541
130.3	1.03296703297
130.4	1.03296703297
130.5	1.03296703297
130.6	1.03174603175
130.7	1.03174603175
130.8	1.03052503053
130.9	1.03052503053
131	1.0293040293
131.1	1.02808302808
131.2	1.02808302808
131.3	1.02564102564
131.4	1.02686202686
131.5	1.02564102564
131.6	1.02564102564
131.7	1.02564102564
131.8	1.02442002442
131.9	1.02564102564
132	1.0231990232
132.1	1.02197802198
132.2	1.02197802198
132.3	1.02075702076
132.4	1.02075702076
132.5	1.01953601954
132.6	1.01953601954
132.7	1.01831501832
132.8	1.01831501832
132.9	1.01831501832
133	1.01709401709
133.1	1.01709401709
133.2	1.01587301587
133.3	1.01465201465
133.4	1.01343101343
133.5	1.01343101343
133.6	1.01221001221
133.7	1.01098901099
133.8	1.01221001221
133.9	1.01098901099
134	1.01098901099
134.1	1.00976800977
134.2	1.00854700855
134.3	1.00854700855
134.4	1.00854700855
134.5	1.00732600733
134.6	1.00732600733
134.7	1.00732600733
134.8	1.00488400488
134.9	1.00610500611
135	1.00488400488
135.1	1.00366300366
135.2	1.00244200244
135.3	1.00366300366
135.4	1.00122100122
135.5	1.00122100122
135.6	1.00122100122
135.7	1
135.8	1
135.9	0.998778998779
136	0.998778998779
136.1	0.998778998779
136.2	0.996336996337
136.3	0.997557997558
136.4	0.996336996337
136.5	0.995115995116
136.6	0.993894993895
136.7	0.993894993895
136.8	0.993894993895
136.9	0.993894993895
137	0.992673992674
137.1	0.992673992674
137.2	0.991452991453
137.3	0.990231990232
137.4	0.990231990232
137.5	0.990231990232
137.6	0.989010989011
137.7	0.989010989011
137.8	0.989010989011
137.9	0.985347985348
138	0.985347985348
138.1	0.985347985348
138.2	0.986568986569
138.3	0.985347985348
138.4	0.985347985348
138.5	0.984126984127
138.6	0.982905982906
138.7	0.981684981685
138.8	0.982905982906
138.9	0.981684981685
139	0.982905982906
139.1	0.980463980464
139.2	0.981684981685
139.3	0.976800976801
139.4	0.978021978022
139.5	0.979242979243
139.6	0.979242979243
139.7	0.978021978022
139.8	0.97557997558
139.9	0.976800976801
140	0.97557997558
140.1	0.974358974359
140.2	0.974358974359
140.3	0.973137973138
140.4	0.974358974359
140.5	0.971916971917
140.6	0.971916971917
140.7	0.970695970696
140.8	0.970695970696
140.9	0.970695970696
141	0.969474969475
141.1	0.969474969475
141.2	0.969474969475
141.3	0.969474969475
141.4	0.967032967033
141.5	0.967032967033
141.6	0.967032967033
141.7	0.964590964591
141.8	0.965811965812
141.9	0.965811965812
142	0.965811965812
142.1	0.96336996337
142.2	0.964590964591
142.3	0.96336996337
142.4	0.96336996337
142.5	0.960927960928
142.6	0.962148962149
142.7	0.960927960928
142.8	0.960927960928
142.9	0.960927960928
143	0.959706959707
143.1	0.959706959707
143.2	0.957264957265
143.3	0.958485958486
143.4	0.957264957265
143.5	0.957264957265
143.6	0.956043956044
143.7	0.954822954823
143.8	0.954822954823
143.9	0.954822954823
144	0.954822954823
144.1	0.953601953602
144.2	0.952380952381
144.3	0.952380952381
144.4	0.952380952381
144.5	0.95115995116
144.6	0.95115995116
144.7	0.949938949939
144.8	0.949938949939
144.9	0.949938949939
145	0.948717948718
145.1	0.948717948718
145.2	0.948717948718
145.3	0.947496947497
145.4	0.947496947497
145.5	0.946275946276
145.6	0.946275946276
145.7	0.946275946276
145.8	0.943833943834
145.9	0.943833943834
146	0.943833943834
146.1	0.943833943834
146.2	0.942612942613
146.3	0.942612942613
146.4	0.941391941392
146.5	0.942612942613
146.6	0.941391941392
146.7	0.941391941392
146.8	0.940170940171
146.9	0.940170940171
147	0.940170940171
147.1	0.93894993895
147.2	0.937728937729
147.3	0.937728937729
147.4	0.935286935287
147.5	0.935286935287
147.6	0.935286935287
147.7	0.934065934066
147.8	0.935286935287
147.9	0.935286935287
148	0.932844932845
148.1	0.932844932845
148.2	0.932844932845
148.3	0.931623931624
148.4	0.932844932845
148.5	0.931623931624
148.6	0.929181929182
148.7	0.930402930403
148.8	0.930402930403
148.9	0.929181929182
149	0.929181929182
149.1	0.927960927961
149.2	0.92673992674
149.3	0.92673992674
149.4	0.92673992674
149.5	0.925518925519
149.6	0.92673992674
149.7	0.925518925519
149.8	0.925518925519
149.9	0.924297924298
150	0.925518925519
150.1	0.923076923077
150.2	0.923076923077
150.3	0.923076923077
150.4	0.921855921856
150.5	0.921855921856
150.6	0.920634920635
150.7	0.920634920635
150.8	0.920634920635
150.9	0.919413919414
151	0.919413919414
151.1	0.919413919414
151.2	0.918192918193
151.3	0.916971916972
151.4	0.916971916972
151.5	0.916971916972
151.6	0.915750915751
151.7	0.91452991453
151.8	0.91452991453
151.9	0.91452991453
152	0.915750915751
152.1	0.91452991453
152.2	0.913308913309
152.3	0.913308913309
152.4	0.912087912088
152.5	0.910866910867
152.6	0.912087912088
152.7	0.910866910867
152.8	0.909645909646
152.9	0.912087912088
153	0.909645909646
153.1	0.908424908425
153.2	0.909645909646
153.3	0.909645909646
153.4	0.905982905983
153.5	0.908424908425
153.6	0.908424908425
153.7	0.905982905983
153.8	0.907203907204
153.9	0.904761904762
154	0.904761904762
154.1	0.905982905983
154.2	0.905982905983
154.3	0.904761904762
154.4	0.904761904762
154.5	0.903540903541
154.6	0.904761904762
154.7	0.903540903541
154.8	0.904761904762
154.9	0.899877899878
155	0.901098901099
155.1	0.899877899878
155.2	0.899877899878
155.3	0.899877899878
155.4	0.899877899878
155.5	0.899877899878
155.6	0.897435897436
155.7	0.898656898657
155.8	0.897435897436
155.9	0.898656898657
156	0.898656898657
156.1	0.896214896215
156.2	0.896214896215
156.3	0.896214896215
156.4	0.893772893773
156.5	0.894993894994
156.6	0.894993894994
156.7	0.893772893773
156.8	0.892551892552
156.9	0.891330891331
157	0.892551892552
157.1	0.891330891331
157.2	0.892551892552
157.3	0.89010989011
157.4	0.891330891331
157.5	0.89010989011
157.6	0.89010989011
157.7	0.888888888889
157.8	0.89010989011
157.9	0.888888888889
158	0.89010989011
158.1	0.887667887668
158.2	0.887667887668
158.3	0.887667887668
158.4	0.887667887668
158.5	0.886446886447
158.6	0.886446886447
158.7	0.885225885226
158.8	0.885225885226
158.9	0.884004884005
159	0.884004884005
159.1	0.885225885226
159.2	0.884004884005
159.3	0.884004884005
159.4	0.880341880342
159.5	0.881562881563
159.6	0.881562881563
159.7	0.880341880342
159.8	0.881562881563
159.9	0.881562881563
160	0.881562881563
160.1	0.879120879121
160.2	0.879120879121
160.3	0.879120879121
160.4	0.879120879121
160.5	0.8778998779
160.6	0.876678876679
160.7	0.879120879121
160.8	0.876678876679
160.9	0.876678876679
161	0.874236874237
161.1	0.874236874237
161.2	0.875457875458
161.3	0.874236874237
161.4	0.874236874237
161.5	0.873015873016
161.6	0.874236874237
161.7	0.874236874237
161.8	0.873015873016
161.9	0.871794871795
162	0.871794871795
162.1	0.869352869353
162.2	0.870573870574
162.3	0.870573870574
162.4	0.870573870574
162.5	0.870573870574
162.6	0.869352869353
162.7	0.869352869353
162.8	0.869352869353
162.9	0.869352869353
163	0.868131868132
163.1	0.866910866911
163.2	0.866910866911
163.3	0.868131868132
163.4	0.866910866911
163.5	0.866910866911
163.6	0.86568986569
163.7	0.864468864469
163.8	0.86568986569
163.9	0.864468864469
164	0.86568986569
164.1	0.863247863248
164.2	0.864468864469
164.3	0.863247863248
164.4	0.863247863248
164.5	0.862026862027
164.6	0.862026862027
164.7	0.860805860806
164.8	0.860805860806
164.9	0.860805860806
165	0.860805860806
165.1	0.860805860806
165.2	0.859584859585
165.3	0.860805860806
165.4	0.859584859585
165.5	0.857142857143
165.6	0.857142857143
165.7	0.858363858364
165.8	0.857142857143
165.9	0.857142857143
166	0.855921855922
166.1	0.855921855922
166.2	0.855921855922
166.3	0.855921855922
166.4	0.854700854701
166.5	0.854700854701
166.6	0.854700854701
166.7	0.85347985348
166.8	0.854700854701
166.9	0.85347985348
167	0.85347985348
167.1	0.854700854701
167.2	0.851037851038
167.3	0.852258852259
167.4	0.851037851038
167.5	0.849816849817
167.6	0.851037851038
167.7	0.849816849817
167.8	0.849816849817
167.9	0.849816849817
168	0.851037851038
168.1	0.848595848596
168.2	0.848595848596
168.3	0.848595848596
168.4	0.847374847375
168.5	0.847374847375
168.6	0.848595848596
168.7	0.846153846154
168.8	0.846153846154
168.9	0.846153846154
169	0.846153846154
169.1	0.846153846154
169.2	0.846153846154
169.3	0.843711843712
169.4	0.844932844933
169.5	0.843711843712
169.6	0.844932844933
169.7	0.842490842491
169.8	0.844932844933
169.9	0.84126984127
170	0.843711843712
170.1	0.84126984127
170.2	0.842490842491
170.3	0.84126984127
170.4	0.84126984127
170.5	0.840048840049
170.6	0.840048840049
170.7	0.84126984127
170.8	0.838827838828
170.9	0.840048840049
171	0.838827838828
171.1	0.840048840049
171.2	0.840048840049
171.3	0.836385836386
171.4	0.837606837607
171.5	0.836385836386
171.6	0.837606837607
171.7	0.835164835165
171.8	0.836385836386
171.9	0.835164835165
172	0.836385836386
172.1	0.835164835165
172.2	0.835164835165
172.3	0.835164835165
172.4	0.833943833944
172.5	0.835164835165
172.6	0.832722832723
172.7	0.833943833944
172.8	0.832722832723
172.9	0.831501831502
173	0.833943833944
173.1	0.832722832723
173.2	0.832722832723
173.3	0.831501831502
173.4	0.831501831502
173.5	0.830280830281
173.6	0.831501831502
173.7	0.82905982906
173.8	0.830280830281
173.9	0.827838827839
174	0.830280830281
174.1	0.830280830281
174.2	0.827838827839
174.3	0.827838827839
174.4	0.82905982906
174.5	0.827838827839
174.6	0.827838827839
174.7	0.826617826618
174.8	0.826617826618
174.9	0.826617826618
175	0.826617826618
175.1	0.826617826618
175.2	0.824175824176
175.3	0.824175824176
175.4	0.825396825397
175.5	0.824175824176
175.6	0.822954822955
175.7	0.822954822955
175.8	0.822954822955
175.9	0.822954822955
176	0.822954822955
176.1	0.822954822955
176.2	0.821733821734
176.3	0.821733821734
176.4	0.821733821734
176.5	0.821733821734
176.6	0.821733821734
176.7	0.820512820513
176.8	0.821733821734
176.9	0.821733821734
177	0.818070818071
177.1	0.820512820513
177.2	0.819291819292
177.3	0.819291819292
177.4	0.818070818071
177.5	0.818070818071
177.6	0.818070818071
177.7	0.818070818071
177.8	0.81684981685
177.9	0.81684981685
178	0.81684981685
178.1	0.818070818071
178.2	0.815628815629
178.3	0.814407814408
178.4	0.814407814408
178.5	0.81684981685
178.6	0.814407814408
178.7	0.815628815629
178.8	0.815628815629
178.9	0.814407814408
179	0.815628815629
179.1	0.811965811966
179.2	0.810744810745
179.3	0.813186813187
179.4	0.813186813187
179.5	0.810744810745
179.6	0.813186813187
179.7	0.813186813187
179.8	0.810744810745
179.9	0.811965811966
180	0.810744810745
