Vernier Format 2
Untitled.cmbl 9/22/2026 15:10:06 .
Latest
Time	Potential
t	Pot
s	V

0	0.634920634921
0.1	0.6336996337
0.2	0.634920634921
0.3	0.634920634921
0.4	0.634920634921
0.5	0.634920634921
0.6	0.634920634921
0.7	0.634920634921
0.8	0.634920634921
0.9	0.634920634921
1	0.634920634921
1.1	0.6336996337
1.2	0.634920634921
1.3	0.634920634921
1.4	0.634920634921
1.5	0.6336996337
1.6	0.634920634921
1.7	0.6336996337
1.8	0.634920634921
1.9	0.634920634921
2	0.634920634921
2.1	0.634920634921
2.2	0.634920634921
2.3	0.634920634921
2.4	0.6336996337
2.5	0.6336996337
2.6	0.634920634921
2.7	0.636141636142
2.8	0.634920634921
2.9	0.642246642247
3	0.650793650794
3.1	0.65811965812
3.2	0.67032967033
3.3	0.683760683761
3.4	0.700854700855
3.5	0.713064713065
3.6	0.735042735043
3.7	0.761904761905
3.8	0.793650793651
3.9	0.835164835165
4	0.886446886447
4.1	0.935286935287
4.2	0.981684981685
4.3	1.03052503053
4.4	1.08302808303
4.5	1.13308913309
4.6	1.18070818071
4.7	1.23199023199
4.8	1.29792429792
4.9	1.35653235653
5	1.41636141636
5.1	1.47374847375
5.2	1.53235653236
5.3	1.59829059829
5.4	1.663003663
5.5	1.72527472527
5.6	1.7851037851
5.7	1.83882783883
5.8	1.89255189255
5.9	1.94261294261
6	1.99511599512
6.1	2.04395604396
6.2	2.09157509158
6.3	2.13553113553
6.4	2.17948717949
6.5	2.22222222222
6.6	2.26251526252
6.7	2.29548229548
6.8	2.32967032967
6.9	2.35897435897
7	2.39194139194
7.1	2.42490842491
7.2	2.45787545788
7.3	2.49328449328
7.4	2.53113553114
7.5	2.57142857143
7.6	2.61172161172
7.7	2.65079365079
7.8	2.68986568987
7.9	2.72527472527
8	2.76312576313
8.1	2.79731379731
8.2	2.83028083028
8.3	2.86446886447
8.4	2.89621489621
8.5	2.92551892552
8.6	2.95482295482
8.7	2.98534798535
8.8	3.01343101343
8.9	3.04273504274
9	3.06837606838
9.1	3.09157509158
9.2	3.11721611722
9.3	3.14041514042
9.4	3.16239316239
9.5	3.18681318681
9.6	3.20757020757
9.7	3.22710622711
9.8	3.24786324786
9.9	3.2673992674
10	3.28449328449
10.1	3.30158730159
10.2	3.31868131868
10.3	3.33333333333
10.4	3.34920634921
10.5	3.36141636142
10.6	3.37484737485
10.7	3.38705738706
10.8	3.39682539683
10.9	3.40659340659
11	3.41391941392
11.1	3.42368742369
11.2	3.42979242979
11.3	3.44078144078
11.4	3.44810744811
11.5	3.45543345543
11.6	3.46275946276
11.7	3.47008547009
11.8	3.47619047619
11.9	3.48107448107
12	3.4884004884
12.1	3.49450549451
12.2	3.49938949939
12.3	3.50671550672
12.4	3.5115995116
12.5	3.52136752137
12.6	3.52503052503
12.7	3.52991452991
12.8	3.5347985348
12.9	3.5409035409
13	3.54456654457
13.1	3.55067155067
13.2	3.55555555556
13.3	3.557997558
13.4	3.56288156288
13.5	3.56654456654
13.6	3.57020757021
13.7	3.57509157509
13.8	3.57997557998
13.9	3.58241758242
14	3.5873015873
14.1	3.59096459096
14.2	3.59218559219
14.3	3.59706959707
14.4	3.60195360195
14.5	3.6043956044
14.6	3.60561660562
14.7	3.60927960928
14.8	3.61416361416
14.9	3.62026862027
15	3.62271062271
15.1	3.62759462759
15.2	3.63125763126
15.3	3.6336996337
15.4	3.63125763126
15.5	3.63125763126
15.6	3.63125763126
15.7	3.63003663004
15.8	3.62637362637
15.9	3.62637362637
16	3.62393162393
16.1	3.62026862027
16.2	3.61538461538
16.3	3.60805860806
16.4	3.60317460317
16.5	3.59951159951
16.6	3.59218559219
16.7	3.5873015873
16.8	3.58241758242
16.9	3.57509157509
17	3.56776556777
17.1	3.56166056166
17.2	3.55311355311
17.3	3.54456654457
17.4	3.53846153846
17.5	3.53113553114
17.6	3.52380952381
17.7	3.51526251526
17.8	3.50671550672
17.9	3.49938949939
18	3.49328449328
18.1	3.48351648352
18.2	3.47619047619
18.3	3.46764346764
18.4	3.4590964591
18.5	3.45299145299
18.6	3.44444444444
18.7	3.43833943834
18.8	3.42979242979
18.9	3.42124542125
19	3.41514041514
19.1	3.40659340659
19.2	3.40170940171
19.3	3.39194139194
19.4	3.38583638584
19.5	3.37728937729
19.6	3.37118437118
19.7	3.36385836386
19.8	3.35409035409
19.9	3.34798534799
20	3.34188034188
20.1	3.33455433455
20.2	3.32600732601
20.3	3.31868131868
20.4	3.31257631258
20.5	3.30647130647
20.6	3.29792429792
20.7	3.2905982906
20.8	3.28571428571
20.9	3.27960927961
21	3.27228327228
21.1	3.26495726496
21.2	3.25885225885
21.3	3.25274725275
21.4	3.2442002442
21.5	3.23687423687
21.6	3.23199023199
21.7	3.22466422466
21.8	3.21855921856
21.9	3.21245421245
22	3.20390720391
22.1	3.19902319902
22.2	3.19413919414
22.3	3.18559218559
22.4	3.17948717949
22.5	3.17338217338
22.6	3.16605616606
22.7	3.16117216117
22.8	3.15384615385
22.9	3.14774114774
23	3.14041514042
23.1	3.13553113553
23.2	3.12820512821
23.3	3.12332112332
23.4	3.11721611722
23.5	3.11111111111
23.6	3.10500610501
23.7	3.09768009768
23.8	3.09157509158
23.9	3.08791208791
24	3.08058608059
24.1	3.07448107448
24.2	3.0695970696
24.3	3.06349206349
24.4	3.05494505495
24.5	3.0525030525
24.6	3.04395604396
24.7	3.03907203907
24.8	3.03418803419
24.9	3.02808302808
25	3.02197802198
25.1	3.01709401709
25.2	3.01098901099
25.3	3.00488400488
25.4	2.99877899878
25.5	2.99511599512
25.6	2.98901098901
25.7	2.98290598291
25.8	2.97802197802
25.9	2.97191697192
26	2.96581196581
26.1	2.96092796093
26.2	2.95482295482
26.3	2.94993894994
26.4	2.94505494505
26.5	2.93894993895
26.6	2.93528693529
26.7	2.92796092796
26.8	2.92307692308
26.9	2.91819291819
27	2.91452991453
27.1	2.9072039072
27.2	2.90354090354
27.3	2.89743589744
27.4	2.89499389499
27.5	2.88888888889
27.6	2.88278388278
27.7	2.87667887668
27.8	2.87179487179
27.9	2.86568986569
28	2.86202686203
28.1	2.85714285714
28.2	2.85347985348
28.3	2.84737484737
28.4	2.84249084249
28.5	2.83638583639
28.6	2.83272283272
28.7	2.82783882784
28.8	2.82173382173
28.9	2.81684981685
29	2.81074481074
29.1	2.80708180708
29.2	2.8021978022
29.3	2.79853479853
29.4	2.79365079365
29.5	2.78754578755
29.6	2.7851037851
29.7	2.77777777778
29.8	2.77411477411
29.9	2.76923076923
30	2.76556776557
30.1	2.75824175824
30.2	2.7557997558
30.3	2.75091575092
30.4	2.74603174603
30.5	2.73992673993
30.6	2.73870573871
30.7	2.73015873016
30.8	2.7264957265
30.9	2.72283272283
31	2.71794871795
31.1	2.71550671551
31.2	2.71184371184
31.3	2.70451770452
31.4	2.70085470085
31.5	2.69597069597
31.6	2.69230769231
31.7	2.68864468864
31.8	2.68253968254
31.9	2.67887667888
32	2.67399267399
32.1	2.67032967033
32.2	2.66666666667
32.3	2.66178266178
32.4	2.65811965812
32.5	2.65201465201
32.6	2.64957264957
32.7	2.64468864469
32.8	2.6398046398
32.9	2.63492063492
33	2.63247863248
33.1	2.62759462759
33.2	2.62393162393
33.3	2.61904761905
33.4	2.61416361416
33.5	2.61172161172
33.6	2.60805860806
33.7	2.60073260073
33.8	2.59706959707
33.9	2.59584859585
34	2.58974358974
34.1	2.58608058608
34.2	2.58241758242
34.3	2.57875457875
34.4	2.57387057387
34.5	2.57020757021
34.6	2.56654456654
34.7	2.56166056166
34.8	2.55677655678
34.9	2.55433455433
35	2.55433455433
35.1	2.54822954823
35.2	2.54212454212
35.3	2.53968253968
35.4	2.5347985348
35.5	2.53113553114
35.6	2.52747252747
35.7	2.52380952381
35.8	2.5177045177
35.9	2.51648351648
36	2.5115995116
36.1	2.50793650794
36.2	2.50427350427
36.3	2.50061050061
36.4	2.49572649573
36.5	2.49206349206
36.6	2.48962148962
36.7	2.48473748474
36.8	2.47863247863
36.9	2.47619047619
37	2.47374847375
37.1	2.47008547009
37.2	2.4652014652
37.3	2.46398046398
37.4	2.46031746032
37.5	2.45543345543
37.6	2.45299145299
37.7	2.44932844933
37.8	2.44688644689
37.9	2.442002442
38	2.43833943834
38.1	2.4358974359
38.2	2.42979242979
38.3	2.42735042735
38.4	2.42368742369
38.5	2.42124542125
38.6	2.41758241758
38.7	2.4126984127
38.8	2.40903540904
38.9	2.40781440781
39	2.40415140415
39.1	2.39926739927
39.2	2.3956043956
39.3	2.39316239316
39.4	2.38827838828
39.5	2.38583638584
39.6	2.38217338217
39.7	2.37973137973
39.8	2.37606837607
39.9	2.37118437118
40	2.37118437118
40.1	2.36507936508
40.2	2.36385836386
40.3	2.35653235653
40.4	2.35409035409
40.5	2.35286935287
40.6	2.34798534799
40.7	2.34554334554
40.8	2.34065934066
40.9	2.336996337
41	2.33577533578
41.1	2.32967032967
41.2	2.32844932845
41.3	2.32600732601
41.4	2.32234432234
41.5	2.31746031746
41.6	2.31746031746
41.7	2.31135531136
41.8	2.31013431013
41.9	2.30769230769
42	2.30525030525
42.1	2.30036630037
42.2	2.29792429792
42.3	2.29304029304
42.4	2.2905982906
42.5	2.28937728938
42.6	2.28571428571
42.7	2.27960927961
42.8	2.27960927961
42.9	2.27594627595
43	2.27106227106
43.1	2.27106227106
43.2	2.26617826618
43.3	2.26251526252
43.4	2.26007326007
43.5	2.25641025641
43.6	2.25518925519
43.7	2.25152625153
43.8	2.24664224664
43.9	2.24297924298
44	2.24175824176
44.1	2.2380952381
44.2	2.23565323565
44.3	2.23199023199
44.4	2.22954822955
44.5	2.22710622711
44.6	2.22344322344
44.7	2.21978021978
44.8	2.21733821734
44.9	2.21611721612
45	2.21367521368
45.1	2.20879120879
45.2	2.20757020757
45.3	2.20268620269
45.4	2.20024420024
45.5	2.19658119658
45.6	2.19413919414
45.7	2.1916971917
45.8	2.19047619048
45.9	2.18437118437
46	2.18315018315
46.1	2.18070818071
46.2	2.17704517705
46.3	2.17338217338
46.4	2.17094017094
46.5	2.16727716728
46.6	2.16605616606
46.7	2.16361416361
46.8	2.15995115995
46.9	2.15750915751
47	2.15506715507
47.1	2.1514041514
47.2	2.1514041514
47.3	2.14652014652
47.4	2.14407814408
47.5	2.14163614164
47.6	2.13797313797
47.7	2.13431013431
47.8	2.13186813187
47.9	2.13064713065
48	2.12698412698
48.1	2.12332112332
48.2	2.1221001221
48.3	2.11721611722
48.4	2.11721611722
48.5	2.11477411477
48.6	2.11111111111
48.7	2.10744810745
48.8	2.10500610501
48.9	2.10378510379
49	2.10012210012
49.1	2.0989010989
49.2	2.09523809524
49.3	2.0927960928
49.4	2.09035409035
49.5	2.08791208791
49.6	2.08424908425
49.7	2.08180708181
49.8	2.07936507937
49.9	2.07692307692
50	2.0757020757
50.1	2.07081807082
50.2	2.0695970696
50.3	2.06471306471
50.4	2.06349206349
50.5	2.06105006105
50.6	2.05860805861
50.7	2.05738705739
50.8	2.05372405372
50.9	2.0525030525
51	2.04884004884
51.1	2.04517704518
51.2	2.04395604396
51.3	2.04151404151
51.4	2.03907203907
51.5	2.03540903541
51.6	2.03418803419
51.7	2.03052503053
51.8	2.0293040293
51.9	2.02564102564
52	2.0231990232
52.1	2.02197802198
52.2	2.01953601954
52.3	2.01587301587
52.4	2.01343101343
52.5	2.01221001221
52.6	2.00854700855
52.7	2.00732600733
52.8	2.00366300366
52.9	2.00122100122
53	1.99755799756
53.1	1.99877899878
53.2	1.99389499389
53.3	1.99267399267
53.4	1.99023199023
53.5	1.98778998779
53.6	1.98534798535
53.7	1.98168498168
53.8	1.98046398046
53.9	1.97802197802
54	1.9768009768
54.1	1.97313797314
54.2	1.97191697192
54.3	1.96947496947
54.4	1.96581196581
54.5	1.96336996337
54.6	1.96092796093
54.7	1.95970695971
54.8	1.95726495726
54.9	1.95604395604
55	1.95238095238
55.1	1.94993894994
55.2	1.94871794872
55.3	1.94627594628
55.4	1.94505494505
55.5	1.94139194139
55.6	1.93894993895
55.7	1.93650793651
55.8	1.93406593407
55.9	1.93162393162
56	1.92918192918
56.1	1.92796092796
56.2	1.92551892552
56.3	1.9242979243
56.4	1.92185592186
56.5	1.91819291819
56.6	1.91697191697
56.7	1.91452991453
56.8	1.90964590965
56.9	1.90964590965
57	1.9072039072
57.1	1.90476190476
57.2	1.90231990232
57.3	1.9010989011
57.4	1.89987789988
57.5	1.89621489621
57.6	1.89499389499
57.7	1.89133089133
57.8	1.89133089133
57.9	1.88766788767
58	1.88522588523
58.1	1.884004884
58.2	1.88156288156
58.3	1.88034188034
58.4	1.8778998779
58.5	1.87423687424
58.6	1.87301587302
58.7	1.87057387057
58.8	1.86935286935
58.9	1.86691086691
59	1.86446886447
59.1	1.86202686203
59.2	1.85958485958
59.3	1.85836385836
59.4	1.85714285714
59.5	1.85347985348
59.6	1.85347985348
59.7	1.84981684982
59.8	1.84737484737
59.9	1.84615384615
60	1.84493284493
60.1	1.84249084249
60.2	1.83760683761
60.3	1.83760683761
60.4	1.83516483516
60.5	1.83394383394
60.6	1.83272283272
60.7	1.8315018315
60.8	1.82661782662
60.9	1.8253968254
61	1.82417582418
61.1	1.82173382173
61.2	1.81929181929
61.3	1.81684981685
61.4	1.81440781441
61.5	1.81318681319
61.6	1.81074481074
61.7	1.80952380952
61.8	1.80708180708
61.9	1.80463980464
62	1.80463980464
62.1	1.8021978022
62.2	1.80097680098
62.3	1.79853479853
62.4	1.79487179487
62.5	1.79242979243
62.6	1.79365079365
62.7	1.78998778999
62.8	1.78754578755
62.9	1.7851037851
63	1.78388278388
63.1	1.78388278388
63.2	1.778998779
63.3	1.77777777778
63.4	1.77655677656
63.5	1.77289377289
63.6	1.77289377289
63.7	1.77045177045
63.8	1.76923076923
63.9	1.76556776557
64	1.76434676435
64.1	1.76312576313
64.2	1.7619047619
64.3	1.75946275946
64.4	1.7557997558
64.5	1.7557997558
64.6	1.75335775336
64.7	1.75091575092
64.8	1.74969474969
64.9	1.74603174603
65	1.74725274725
65.1	1.74481074481
65.2	1.74358974359
65.3	1.74114774115
65.4	1.73870573871
65.5	1.73748473748
65.6	1.73626373626
65.7	1.73382173382
65.8	1.73137973138
65.9	1.72893772894
66	1.72893772894
66.1	1.72527472527
66.2	1.72405372405
66.3	1.72283272283
66.4	1.72039072039
66.5	1.72039072039
66.6	1.71672771673
66.7	1.71428571429
66.8	1.71306471306
66.9	1.71306471306
67	1.71184371184
67.1	1.70818070818
67.2	1.70695970696
67.3	1.70451770452
67.4	1.70451770452
67.5	1.70085470085
67.6	1.69841269841
67.7	1.69719169719
67.8	1.69597069597
67.9	1.69352869353
68	1.69230769231
68.1	1.68986568987
68.2	1.68864468864
68.3	1.6862026862
68.4	1.68498168498
68.5	1.68253968254
68.6	1.68253968254
68.7	1.6800976801
68.8	1.67765567766
68.9	1.67643467643
69	1.67399267399
69.1	1.67277167277
69.2	1.67155067155
69.3	1.67032967033
69.4	1.66788766789
69.5	1.66788766789
69.6	1.66422466422
69.7	1.66422466422
69.8	1.66178266178
69.9	1.66056166056
70	1.65811965812
70.1	1.65567765568
70.2	1.65567765568
70.3	1.65201465201
70.4	1.65079365079
70.5	1.64835164835
70.6	1.64835164835
70.7	1.64590964591
70.8	1.64590964591
70.9	1.64224664225
71	1.64102564103
71.1	1.6398046398
71.2	1.63492063492
71.3	1.63614163614
71.4	1.6336996337
71.5	1.6336996337
71.6	1.63125763126
71.7	1.62881562882
71.8	1.62637362637
71.9	1.62759462759
72	1.62393162393
72.1	1.62148962149
72.2	1.62148962149
72.3	1.61904761905
72.4	1.61660561661
72.5	1.61660561661
72.6	1.61538461538
72.7	1.61294261294
72.8	1.61172161172
72.9	1.6105006105
73	1.60805860806
73.1	1.60805860806
73.2	1.60561660562
73.3	1.60317460317
73.4	1.60195360195
73.5	1.59951159951
73.6	1.59951159951
73.7	1.59706959707
73.8	1.59584859585
73.9	1.59462759463
74	1.59340659341
74.1	1.59096459096
74.2	1.58974358974
74.3	1.5873015873
74.4	1.58485958486
74.5	1.58485958486
74.6	1.58363858364
74.7	1.58241758242
74.8	1.57875457875
74.9	1.57875457875
75	1.57753357753
75.1	1.57509157509
75.2	1.57387057387
75.3	1.57264957265
75.4	1.56898656899
75.5	1.57020757021
75.6	1.56898656899
75.7	1.56532356532
75.8	1.56532356532
75.9	1.5641025641
76	1.56043956044
76.1	1.56043956044
76.2	1.557997558
76.3	1.557997558
76.4	1.55555555556
76.5	1.55433455433
76.6	1.55189255189
76.7	1.54945054945
76.8	1.54945054945
76.9	1.54822954823
77	1.54700854701
77.1	1.54456654457
77.2	1.54212454212
77.3	1.54212454212
77.4	1.5409035409
77.5	1.53846153846
77.6	1.53724053724
77.7	1.53724053724
77.8	1.53357753358
77.9	1.53357753358
78	1.53235653236
78.1	1.52991452991
78.2	1.52869352869
78.3	1.52869352869
78.4	1.52503052503
78.5	1.52503052503
78.6	1.52258852259
78.7	1.52380952381
78.8	1.52014652015
78.9	1.51892551893
79	1.5177045177
79.1	1.51648351648
79.2	1.51526251526
79.3	1.51282051282
79.4	1.51282051282
79.5	1.51037851038
79.6	1.50915750916
79.7	1.50793650794
79.8	1.50671550672
79.9	1.50427350427
80	1.50427350427
80.1	1.50183150183
80.2	1.49938949939
80.3	1.49938949939
80.4	1.49694749695
80.5	1.49572649573
80.6	1.49450549451
80.7	1.49328449328
80.8	1.49206349206
80.9	1.49084249084
81	1.49084249084
81.1	1.4884004884
81.2	1.48595848596
81.3	1.48595848596
81.4	1.4822954823
81.5	1.4822954823
81.6	1.48107448107
81.7	1.47985347985
81.8	1.47741147741
81.9	1.47741147741
82	1.47496947497
82.1	1.47252747253
82.2	1.47252747253
82.3	1.47252747253
82.4	1.47130647131
82.5	1.46764346764
82.6	1.46764346764
82.7	1.46642246642
82.8	1.4652014652
82.9	1.46398046398
83	1.46153846154
83.1	1.46031746032
83.2	1.4590964591
83.3	1.45787545788
83.4	1.45665445665
83.5	1.45665445665
83.6	1.45421245421
83.7	1.45299145299
83.8	1.45054945055
83.9	1.45177045177
84	1.45054945055
84.1	1.44810744811
84.2	1.44566544567
84.3	1.44566544567
84.4	1.44444444444
84.5	1.442002442
84.6	1.44078144078
84.7	1.43956043956
84.8	1.43833943834
84.9	1.43711843712
85	1.4358974359
85.1	1.43467643468
85.2	1.43345543346
85.3	1.43101343101
85.4	1.43101343101
85.5	1.42979242979
85.6	1.42857142857
85.7	1.42857142857
85.8	1.42735042735
85.9	1.42490842491
86	1.42246642247
86.1	1.42246642247
86.2	1.42124542125
86.3	1.4188034188
86.4	1.4188034188
86.5	1.41758241758
86.6	1.41514041514
86.7	1.41514041514
86.8	1.41514041514
86.9	1.41025641026
87	1.41025641026
87.1	1.41025641026
87.2	1.40781440781
87.3	1.40781440781
87.4	1.40659340659
87.5	1.40415140415
87.6	1.40170940171
87.7	1.40293040293
87.8	1.40048840049
87.9	1.39926739927
88	1.39804639805
88.1	1.39682539683
88.2	1.39682539683
88.3	1.39316239316
88.4	1.39438339438
88.5	1.39194139194
88.6	1.39072039072
88.7	1.3894993895
88.8	1.3894993895
88.9	1.38827838828
89	1.38583638584
89.1	1.38583638584
89.2	1.38217338217
89.3	1.38339438339
89.4	1.38095238095
89.5	1.37973137973
89.6	1.37973137973
89.7	1.37606837607
89.8	1.37606837607
89.9	1.37606837607
90	1.37362637363
90.1	1.37240537241
90.2	1.37240537241
90.3	1.36996336996
90.4	1.36996336996
90.5	1.36996336996
90.6	1.36752136752
90.7	1.36507936508
90.8	1.36752136752
90.9	1.36385836386
91	1.36263736264
91.1	1.36263736264
91.2	1.3601953602
91.3	1.35775335775
91.4	1.35775335775
91.5	1.35653235653
91.6	1.35531135531
91.7	1.35409035409
91.8	1.35286935287
91.9	1.35286935287
92	1.35042735043
92.1	1.35042735043
92.2	1.34920634921
92.3	1.34798534799
92.4	1.34676434676
92.5	1.34432234432
92.6	1.3431013431
92.7	1.34188034188
92.8	1.34188034188
92.9	1.34188034188
93	1.33943833944
93.1	1.33821733822
93.2	1.33821733822
93.3	1.336996337
93.4	1.33333333333
93.5	1.33333333333
93.6	1.33211233211
93.7	1.33089133089
93.8	1.32967032967
93.9	1.33089133089
94	1.32600732601
94.1	1.32844932845
94.2	1.32478632479
94.3	1.32600732601
94.4	1.32356532357
94.5	1.32112332112
94.6	1.3199023199
94.7	1.32112332112
94.8	1.31868131868
94.9	1.31746031746
95	1.31746031746
95.1	1.31623931624
95.2	1.3137973138
95.3	1.31501831502
95.4	1.31257631258
95.5	1.31257631258
95.6	1.31013431013
95.7	1.31013431013
95.8	1.30891330891
95.9	1.30769230769
96	1.30525030525
96.1	1.30525030525
96.2	1.30402930403
96.3	1.30280830281
96.4	1.30036630037
96.5	1.30036630037
96.6	1.30036630037
96.7	1.29792429792
96.8	1.29792429792
96.9	1.29792429792
97	1.29548229548
97.1	1.29426129426
97.2	1.29304029304
97.3	1.29181929182
97.4	1.29181929182
97.5	1.2905982906
97.6	1.28937728938
97.7	1.28937728938
97.8	1.28693528694
97.9	1.28571428571
98	1.28327228327
98.1	1.28449328449
98.2	1.28327228327
98.3	1.28083028083
98.4	1.28205128205
98.5	1.27838827839
98.6	1.27838827839
98.7	1.27960927961
98.8	1.27594627595
98.9	1.27716727717
99	1.2735042735
99.1	1.2735042735
99.2	1.2735042735
99.3	1.27106227106
99.4	1.27106227106
99.5	1.2673992674
99.6	1.26984126984
99.7	1.2673992674
99.8	1.26617826618
99.9	1.26617826618
100	1.26495726496
100.1	1.26251526252
100.2	1.26251526252
100.3	1.26007326007
100.4	1.26007326007
100.5	1.26007326007
100.6	1.25763125763
100.7	1.25763125763
100.8	1.25641025641
100.9	1.25396825397
101	1.25518925519
101.1	1.25396825397
101.2	1.25274725275
101.3	1.25274725275
101.4	1.25030525031
101.5	1.25030525031
101.6	1.24786324786
101.7	1.24664224664
101.8	1.24664224664
101.9	1.24542124542
102	1.2442002442
102.1	1.24297924298
102.2	1.24175824176
102.3	1.24175824176
102.4	1.24175824176
102.5	1.23931623932
102.6	1.2380952381
102.7	1.2380952381
102.8	1.23687423687
102.9	1.23565323565
103	1.23443223443
103.1	1.23321123321
103.2	1.23199023199
103.3	1.23199023199
103.4	1.23076923077
103.5	1.23076923077
103.6	1.22832722833
103.7	1.22710622711
103.8	1.22588522589
103.9	1.22588522589
104	1.22466422466
104.1	1.22466422466
104.2	1.22344322344
104.3	1.22222222222
104.4	1.221001221
104.5	1.221001221
104.6	1.21978021978
104.7	1.21855921856
104.8	1.21733821734
104.9	1.21733821734
105	1.21611721612
105.1	1.2148962149
105.2	1.21367521368
105.3	1.21245421245
105.4	1.21245421245
105.5	1.21123321123
105.6	1.20879120879
105.7	1.20879120879
105.8	1.20879120879
105.9	1.20634920635
106	1.20634920635
106.1	1.20512820513
106.2	1.20512820513
106.3	1.20390720391
106.4	1.20268620269
106.5	1.20268620269
106.6	1.20146520147
106.7	1.20024420024
106.8	1.19902319902
106.9	1.1978021978
107	1.1978021978
107.1	1.19658119658
107.2	1.19536019536
107.3	1.19536019536
107.4	1.19413919414
107.5	1.1916971917
107.6	1.19291819292
107.7	1.19047619048
107.8	1.19047619048
107.9	1.18925518926
108	1.18803418803
108.1	1.18681318681
108.2	1.18681318681
108.3	1.18437118437
108.4	1.18437118437
108.5	1.18315018315
108.6	1.18315018315
108.7	1.18192918193
108.8	1.18070818071
108.9	1.18070818071
109	1.17826617827
109.1	1.17948717949
109.2	1.17704517705
109.3	1.17582417582
109.4	1.17582417582
109.5	1.1746031746
109.6	1.17338217338
109.7	1.1746031746
109.8	1.17216117216
109.9	1.17216117216
110	1.16971916972
110.1	1.16971916972
110.2	1.1684981685
110.3	1.1684981685
110.4	1.16727716728
110.5	1.16483516484
110.6	1.16605616606
110.7	1.16483516484
110.8	1.16361416361
110.9	1.16483516484
111	1.16117216117
111.1	1.15995115995
111.2	1.15995115995
111.3	1.16117216117
111.4	1.15873015873
111.5	1.15873015873
111.6	1.15750915751
111.7	1.15628815629
111.8	1.15506715507
111.9	1.15384615385
112	1.15262515263
112.1	1.15262515263
112.2	1.15262515263
112.3	1.15018315018
112.4	1.15018315018
112.5	1.14896214896
112.6	1.14774114774
112.7	1.1452991453
112.8	1.14652014652
112.9	1.1452991453
113	1.14407814408
113.1	1.14407814408
113.2	1.14407814408
113.3	1.14285714286
113.4	1.14163614164
113.5	1.14041514042
113.6	1.14041514042
113.7	1.13919413919
113.8	1.13797313797
113.9	1.13797313797
114	1.13675213675
114.1	1.13553113553
114.2	1.13553113553
114.3	1.13431013431
114.4	1.13553113553
114.5	1.13431013431
114.6	1.13308913309
114.7	1.13186813187
114.8	1.13064713065
114.9	1.12942612943
115	1.12820512821
115.1	1.12820512821
115.2	1.12698412698
115.3	1.12576312576
115.4	1.12698412698
115.5	1.12576312576
115.6	1.12454212454
115.7	1.12332112332
115.8	1.12087912088
115.9	1.12087912088
116	1.11965811966
116.1	1.11965811966
116.2	1.11965811966
116.3	1.11965811966
116.4	1.115995116
116.5	1.11721611722
116.6	1.115995116
116.7	1.11721611722
116.8	1.115995116
116.9	1.11477411477
117	1.11355311355
117.1	1.11111111111
117.2	1.11111111111
117.3	1.11111111111
117.4	1.10989010989
117.5	1.10989010989
117.6	1.10989010989
117.7	1.10744810745
117.8	1.10744810745
117.9	1.10744810745
118	1.10378510379
118.1	1.10256410256
118.2	1.10378510379
118.3	1.10256410256
118.4	1.10378510379
118.5	1.10256410256
118.6	1.10012210012
118.7	1.10134310134
118.8	1.10012210012
118.9	1.0989010989
119	1.0989010989
119.1	1.09768009768
119.2	1.09768009768
119.3	1.09523809524
119.4	1.09401709402
119.5	1.09401709402
119.6	1.09401709402
119.7	1.09157509158
119.8	1.09157509158
119.9	1.09035409035
120	1.09035409035
120.1	1.08791208791
120.2	1.08791208791
120.3	1.08913308913
120.4	1.08547008547
120.5	1.08669108669
120.6	1.08547008547
120.7	1.08424908425
120.8	1.08424908425
120.9	1.08424908425
121	1.08302808303
121.1	1.08180708181
121.2	1.08058608059
121.3	1.08058608059
121.4	1.07936507937
121.5	1.07814407814
121.6	1.07814407814
121.7	1.07692307692
121.8	1.07814407814
121.9	1.07692307692
122	1.07448107448
122.1	1.0757020757
122.2	1.07448107448
122.3	1.07326007326
122.4	1.07081807082
122.5	1.07081807082
122.6	1.07081807082
122.7	1.0695970696
122.8	1.07081807082
122.9	1.0695970696
123	1.06715506716
123.1	1.06837606838
123.2	1.06715506716
123.3	1.06593406593
123.4	1.06471306471
123.5	1.06471306471
123.6	1.06471306471
123.7	1.06349206349
123.8	1.06349206349
123.9	1.06349206349
124	1.06105006105
124.1	1.06227106227
124.2	1.06105006105
124.3	1.05860805861
124.4	1.05860805861
124.5	1.05860805861
124.6	1.05738705739
124.7	1.05616605617
124.8	1.05616605617
124.9	1.05494505495
125	1.05616605617
125.1	1.05494505495
125.2	1.0525030525
125.3	1.0525030525
125.4	1.05128205128
125.5	1.05006105006
125.6	1.05006105006
125.7	1.05128205128
125.8	1.04761904762
125.9	1.04761904762
126	1.0463980464
126.1	1.04761904762
126.2	1.0463980464
126.3	1.0463980464
126.4	1.04517704518
126.5	1.04517704518
126.6	1.04395604396
126.7	1.04151404151
126.8	1.04273504274
126.9	1.04273504274
127	1.04151404151
127.1	1.04151404151
127.2	1.04029304029
127.3	1.03907203907
127.4	1.03907203907
127.5	1.03907203907
127.6	1.03663003663
127.7	1.03785103785
127.8	1.03540903541
127.9	1.03418803419
128	1.03540903541
128.1	1.03296703297
128.2	1.03296703297
128.3	1.03174603175
128.4	1.03296703297
128.5	1.03052503053
128.6	1.0293040293
128.7	1.0293040293
128.8	1.0293040293
128.9	1.02808302808
129	1.02808302808
129.1	1.02564102564
129.2	1.02564102564
129.3	1.02564102564
129.4	1.02564102564
129.5	1.02564102564
129.6	1.02442002442
129.7	1.0231990232
129.8	1.0231990232
129.9	1.0231990232
130	1.01953601954
130.1	1.02197802198
130.2	1.02075702076
130.3	1.01953601954
130.4	1.01953601954
130.5	1.01709401709
130.6	1.01709401709
130.7	1.01709401709
130.8	1.01587301587
130.9	1.01465201465
131	1.01587301587
131.1	1.01587301587
131.2	1.01221001221
131.3	1.01221001221
131.4	1.01221001221
131.5	1.01221001221
131.6	1.01098901099
131.7	1.01098901099
131.8	1.00976800977
131.9	1.00854700855
132	1.00976800977
132.1	1.00854700855
132.2	1.00610500611
132.3	1.00610500611
132.4	1.00610500611
132.5	1.00610500611
132.6	1.00366300366
132.7	1.00366300366
132.8	1.00366300366
132.9	1.00366300366
133	1.00122100122
133.1	1.00244200244
133.2	1.00244200244
133.3	1
133.4	1
133.5	0.998778998779
133.6	0.998778998779
133.7	1
133.8	0.998778998779
133.9	0.997557997558
134	0.996336996337
134.1	0.996336996337
134.2	0.993894993895
134.3	0.995115995116
134.4	0.993894993895
134.5	0.993894993895
134.6	0.993894993895
134.7	0.992673992674
134.8	0.991452991453
134.9	0.992673992674
135	0.991452991453
135.1	0.989010989011
135.2	0.990231990232
135.3	0.989010989011
135.4	0.98778998779
135.5	0.986568986569
135.6	0.986568986569
135.7	0.986568986569
135.8	0.985347985348
135.9	0.985347985348
136	0.984126984127
136.1	0.984126984127
136.2	0.984126984127
136.3	0.984126984127
136.4	0.982905982906
136.5	0.980463980464
136.6	0.980463980464
136.7	0.980463980464
136.8	0.980463980464
136.9	0.979242979243
137	0.979242979243
137.1	0.979242979243
137.2	0.978021978022
137.3	0.978021978022
137.4	0.976800976801
137.5	0.97557997558
137.6	0.97557997558
137.7	0.974358974359
137.8	0.973137973138
137.9	0.973137973138
138	0.974358974359
138.1	0.971916971917
138.2	0.971916971917
138.3	0.971916971917
138.4	0.970695970696
138.5	0.970695970696
138.6	0.970695970696
138.7	0.969474969475
138.8	0.968253968254
138.9	0.969474969475
139	0.968253968254
139.1	0.968253968254
139.2	0.965811965812
139.3	0.965811965812
139.4	0.965811965812
139.5	0.965811965812
139.6	0.964590964591
139.7	0.96336996337
139.8	0.96336996337
139.9	0.962148962149
140	0.962148962149
140.1	0.962148962149
140.2	0.960927960928
140.3	0.959706959707
140.4	0.960927960928
140.5	0.958485958486
140.6	0.958485958486
140.7	0.958485958486
140.8	0.958485958486
140.9	0.958485958486
141	0.957264957265
141.1	0.954822954823
141.2	0.957264957265
141.3	0.956043956044
141.4	0.953601953602
141.5	0.952380952381
141.6	0.953601953602
141.7	0.952380952381
141.8	0.952380952381
141.9	0.952380952381
142	0.952380952381
142.1	0.949938949939
142.2	0.95115995116
142.3	0.949938949939
142.4	0.948717948718
142.5	0.949938949939
142.6	0.948717948718
142.7	0.947496947497
142.8	0.947496947497
142.9	0.946275946276
143	0.946275946276
143.1	0.947496947497
143.2	0.945054945055
143.3	0.945054945055
143.4	0.943833943834
143.5	0.945054945055
143.6	0.942612942613
143.7	0.942612942613
143.8	0.941391941392
143.9	0.942612942613
144	0.942612942613
144.1	0.941391941392
144.2	0.940170940171
144.3	0.93894993895
144.4	0.93894993895
144.5	0.93894993895
144.6	0.937728937729
144.7	0.937728937729
144.8	0.935286935287
144.9	0.937728937729
145	0.935286935287
145.1	0.935286935287
145.2	0.935286935287
145.3	0.934065934066
145.4	0.934065934066
145.5	0.932844932845
145.6	0.931623931624
145.7	0.931623931624
145.8	0.930402930403
145.9	0.930402930403
146	0.931623931624
146.1	0.929181929182
146.2	0.929181929182
146.3	0.929181929182
146.4	0.927960927961
146.5	0.929181929182
146.6	0.927960927961
146.7	0.927960927961
146.8	0.925518925519
146.9	0.925518925519
147	0.925518925519
147.1	0.924297924298
147.2	0.925518925519
147.3	0.924297924298
147.4	0.923076923077
147.5	0.923076923077
147.6	0.921855921856
147.7	0.923076923077
147.8	0.921855921856
147.9	0.920634920635
148	0.920634920635
148.1	0.920634920635
148.2	0.920634920635
148.3	0.919413919414
148.4	0.919413919414
148.5	0.918192918193
148.6	0.916971916972
148.7	0.918192918193
148.8	0.915750915751
148.9	0.915750915751
149	0.918192918193
149.1	0.91452991453
149.2	0.915750915751
149.3	0.91452991453
149.4	0.91452991453
149.5	0.913308913309
149.6	0.913308913309
149.7	0.913308913309
149.8	0.910866910867
149.9	0.912087912088
150	0.912087912088
150.1	0.910866910867
150.2	0.910866910867
150.3	0.910866910867
150.4	0.909645909646
150.5	0.908424908425
150.6	0.908424908425
150.7	0.908424908425
150.8	0.907203907204
150.9	0.907203907204
151	0.907203907204
151.1	0.905982905983
151.2	0.905982905983
151.3	0.905982905983
151.4	0.904761904762
151.5	0.904761904762
151.6	0.90231990232
151.7	0.90231990232
151.8	0.90231990232
151.9	0.903540903541
152	0.90231990232
152.1	0.90231990232
152.2	0.901098901099
152.3	0.901098901099
152.4	0.901098901099
152.5	0.901098901099
152.6	0.899877899878
152.7	0.898656898657
152.8	0.899877899878
152.9	0.896214896215
153	0.897435897436
153.1	0.897435897436
153.2	0.896214896215
153.3	0.894993894994
153.4	0.893772893773
153.5	0.894993894994
153.6	0.894993894994
153.7	0.894993894994
153.8	0.893772893773
153.9	0.892551892552
154	0.893772893773
154.1	0.892551892552
154.2	0.892551892552
154.3	0.891330891331
154.4	0.891330891331
154.5	0.891330891331
154.6	0.89010989011
154.7	0.888888888889
154.8	0.89010989011
154.9	0.888888888889
155	0.887667887668
155.1	0.888888888889
155.2	0.888888888889
155.3	0.886446886447
155.4	0.886446886447
155.5	0.887667887668
155.6	0.887667887668
155.7	0.886446886447
155.8	0.885225885226
155.9	0.885225885226
156	0.885225885226
156.1	0.884004884005
156.2	0.884004884005
156.3	0.884004884005
156.4	0.882783882784
156.5	0.882783882784
156.6	0.882783882784
156.7	0.882783882784
156.8	0.881562881563
156.9	0.881562881563
157	0.880341880342
157.1	0.880341880342
157.2	0.880341880342
157.3	0.879120879121
157.4	0.879120879121
157.5	0.8778998779
157.6	0.879120879121
157.7	0.876678876679
157.8	0.876678876679
157.9	0.876678876679
158	0.876678876679
158.1	0.875457875458
158.2	0.874236874237
158.3	0.874236874237
158.4	0.875457875458
158.5	0.873015873016
158.6	0.873015873016
158.7	0.873015873016
158.8	0.873015873016
158.9	0.871794871795
159	0.870573870574
159.1	0.871794871795
159.2	0.873015873016
159.3	0.873015873016
159.4	0.870573870574
159.5	0.870573870574
159.6	0.869352869353
159.7	0.868131868132
159.8	0.869352869353
159.9	0.869352869353
160	0.866910866911
160.1	0.868131868132
160.2	0.868131868132
160.3	0.86568986569
160.4	0.866910866911
160.5	0.866910866911
160.6	0.866910866911
160.7	0.864468864469
160.8	0.86568986569
160.9	0.86568986569
161	0.864468864469
161.1	0.86568986569
161.2	0.863247863248
161.3	0.862026862027
161.4	0.863247863248
161.5	0.862026862027
161.6	0.862026862027
161.7	0.862026862027
161.8	0.860805860806
161.9	0.862026862027
162	0.860805860806
162.1	0.860805860806
162.2	0.862026862027
162.3	0.859584859585
162.4	0.858363858364
162.5	0.859584859585
162.6	0.857142857143
162.7	0.857142857143
162.8	0.857142857143
162.9	0.857142857143
163	0.855921855922
163.1	0.857142857143
163.2	0.855921855922
163.3	0.854700854701
163.4	0.854700854701
163.5	0.854700854701
163.6	0.854700854701
163.7	0.854700854701
163.8	0.85347985348
163.9	0.852258852259
164	0.852258852259
164.1	0.852258852259
164.2	0.851037851038
164.3	0.851037851038
164.4	0.852258852259
164.5	0.851037851038
164.6	0.849816849817
164.7	0.849816849817
164.8	0.849816849817
164.9	0.849816849817
165	0.849816849817
165.1	0.848595848596
165.2	0.847374847375
165.3	0.847374847375
165.4	0.847374847375
165.5	0.847374847375
165.6	0.846153846154
165.7	0.847374847375
165.8	0.846153846154
165.9	0.846153846154
166	0.846153846154
166.1	0.846153846154
166.2	0.844932844933
166.3	0.844932844933
166.4	0.844932844933
166.5	0.843711843712
166.6	0.842490842491
166.7	0.84126984127
166.8	0.842490842491
166.9	0.84126984127
167	0.84126984127
167.1	0.84126984127
167.2	0.84126984127
167.3	0.84126984127
167.4	0.840048840049
167.5	0.840048840049
167.6	0.838827838828
167.7	0.840048840049
167.8	0.837606837607
167.9	0.840048840049
168	0.837606837607
168.1	0.837606837607
168.2	0.836385836386
168.3	0.838827838828
168.4	0.836385836386
168.5	0.833943833944
168.6	0.836385836386
168.7	0.835164835165
168.8	0.835164835165
168.9	0.835164835165
169	0.833943833944
169.1	0.833943833944
169.2	0.833943833944
169.3	0.833943833944
169.4	0.832722832723
169.5	0.831501831502
169.6	0.832722832723
169.7	0.832722832723
169.8	0.833943833944
169.9	0.830280830281
170	0.830280830281
170.1	0.830280830281
170.2	0.830280830281
170.3	0.82905982906
170.4	0.830280830281
170.5	0.827838827839
170.6	0.82905982906
170.7	0.82905982906
170.8	0.827838827839
170.9	0.82905982906
171	0.827838827839
171.1	0.826617826618
171.2	0.827838827839
171.3	0.82905982906
171.4	0.827838827839
171.5	0.825396825397
171.6	0.825396825397
171.7	0.825396825397
171.8	0.825396825397
171.9	0.825396825397
172	0.825396825397
172.1	0.822954822955
172.2	0.822954822955
172.3	0.822954822955
172.4	0.821733821734
172.5	0.824175824176
172.6	0.820512820513
172.7	0.821733821734
172.8	0.821733821734
172.9	0.822954822955
173	0.820512820513
173.1	0.820512820513
173.2	0.820512820513
173.3	0.820512820513
173.4	0.819291819292
173.5	0.821733821734
173.6	0.820512820513
173.7	0.819291819292
173.8	0.819291819292
173.9	0.819291819292
174	0.81684981685
174.1	0.81684981685
174.2	0.81684981685
174.3	0.81684981685
174.4	0.81684981685
174.5	0.81684981685
174.6	0.81684981685
174.7	0.814407814408
174.8	0.815628815629
174.9	0.815628815629
175	0.815628815629
175.1	0.814407814408
175.2	0.814407814408
175.3	0.814407814408
175.4	0.813186813187
175.5	0.813186813187
175.6	0.813186813187
175.7	0.811965811966
175.8	0.811965811966
175.9	0.813186813187
176	0.811965811966
176.1	0.810744810745
176.2	0.811965811966
176.3	0.810744810745
176.4	0.810744810745
176.5	0.809523809524
176.6	0.810744810745
176.7	0.809523809524
176.8	0.809523809524
176.9	0.809523809524
177	0.809523809524
177.1	0.808302808303
177.2	0.809523809524
177.3	0.808302808303
177.4	0.808302808303
177.5	0.807081807082
177.6	0.805860805861
177.7	0.805860805861
177.8	0.807081807082
177.9	0.805860805861
178	0.805860805861
178.1	0.805860805861
178.2	0.80463980464
178.3	0.80463980464
178.4	0.80463980464
178.5	0.805860805861
178.6	0.80463980464
178.7	0.803418803419
178.8	0.803418803419
178.9	0.803418803419
179	0.802197802198
179.1	0.802197802198
179.2	0.803418803419
179.3	0.802197802198
179.4	0.800976800977
179.5	0.802197802198
179.6	0.800976800977
179.7	0.800976800977
179.8	0.800976800977
179.9	0.800976800977
180	0.799755799756
180.1	0.798534798535
180.2	0.797313797314
180.3	0.798534798535
180.4	0.798534798535
180.5	0.798534798535
180.6	0.798534798535
180.7	0.798534798535
180.8	0.797313797314
180.9	0.797313797314
181	0.797313797314
181.1	0.796092796093
181.2	0.797313797314
181.3	0.796092796093
181.4	0.796092796093
181.5	0.796092796093
181.6	0.794871794872
181.7	0.796092796093
181.8	0.794871794872
181.9	0.793650793651
182	0.794871794872
182.1	0.793650793651
182.2	0.793650793651
182.3	0.793650793651
182.4	0.79242979243
182.5	0.793650793651
182.6	0.79242979243
182.7	0.791208791209
182.8	0.79242979243
182.9	0.789987789988
183	0.791208791209
183.1	0.791208791209
183.2	0.789987789988
183.3	0.791208791209
183.4	0.789987789988
183.5	0.789987789988
183.6	0.788766788767
183.7	0.789987789988
183.8	0.789987789988
183.9	0.788766788767
184	0.788766788767
184.1	0.787545787546
184.2	0.788766788767
184.3	0.788766788767
184.4	0.788766788767
184.5	0.787545787546
184.6	0.786324786325
184.7	0.786324786325
184.8	0.787545787546
184.9	0.786324786325
185	0.787545787546
185.1	0.783882783883
185.2	0.786324786325
185.3	0.785103785104
185.4	0.785103785104
185.5	0.783882783883
185.6	0.785103785104
185.7	0.783882783883
185.8	0.785103785104
185.9	0.785103785104
186	0.783882783883
186.1	0.783882783883
186.2	0.783882783883
186.3	0.782661782662
186.4	0.782661782662
186.5	0.782661782662
186.6	0.781440781441
186.7	0.781440781441
186.8	0.781440781441
186.9	0.781440781441
187	0.781440781441
187.1	0.778998778999
187.2	0.781440781441
187.3	0.778998778999
187.4	0.78021978022
187.5	0.778998778999
187.6	0.777777777778
187.7	0.778998778999
187.8	0.778998778999
187.9	0.777777777778
188	0.776556776557
188.1	0.777777777778
188.2	0.776556776557
188.3	0.776556776557
188.4	0.777777777778
188.5	0.776556776557
188.6	0.775335775336
188.7	0.776556776557
188.8	0.776556776557
188.9	0.775335775336
189	0.776556776557
189.1	0.775335775336
189.2	0.776556776557
189.3	0.772893772894
189.4	0.775335775336
189.5	0.774114774115
189.6	0.774114774115
189.7	0.774114774115
189.8	0.774114774115
189.9	0.772893772894
190	0.772893772894
190.1	0.774114774115
190.2	0.771672771673
190.3	0.771672771673
190.4	0.771672771673
190.5	0.771672771673
190.6	0.771672771673
190.7	0.771672771673
190.8	0.769230769231
190.9	0.769230769231
191	0.770451770452
191.1	0.771672771673
191.2	0.770451770452
191.3	0.769230769231
191.4	0.770451770452
191.5	0.76800976801
191.6	0.769230769231
191.7	0.770451770452
191.8	0.769230769231
191.9	0.76800976801
192	0.76800976801
192.1	0.76800976801
192.2	0.766788766789
192.3	0.76800976801
192.4	0.76800976801
192.5	0.766788766789
192.6	0.76800976801
192.7	0.766788766789
192.8	0.766788766789
192.9	0.766788766789
193	0.765567765568
193.1	0.76800976801
193.2	0.765567765568
193.3	0.765567765568
193.4	0.764346764347
193.5	0.764346764347
193.6	0.765567765568
193.7	0.764346764347
193.8	0.763125763126
193.9	0.763125763126
194	0.764346764347
194.1	0.763125763126
194.2	0.763125763126
194.3	0.763125763126
194.4	0.761904761905
194.5	0.763125763126
194.6	0.763125763126
194.7	0.763125763126
194.8	0.761904761905
194.9	0.761904761905
195	0.761904761905
195.1	0.760683760684
195.2	0.759462759463
195.3	0.761904761905
195.4	0.760683760684
195.5	0.759462759463
195.6	0.761904761905
195.7	0.760683760684
195.8	0.759462759463
195.9	0.759462759463
196	0.759462759463
196.1	0.758241758242
196.2	0.759462759463
196.3	0.759462759463
196.4	0.757020757021
196.5	0.757020757021
196.6	0.757020757021
196.7	0.757020757021
196.8	0.757020757021
196.9	0.757020757021
197	0.757020757021
197.1	0.757020757021
197.2	0.757020757021
197.3	0.7557997558
197.4	0.7557997558
197.5	0.754578754579
197.6	0.7557997558
197.7	0.7557997558
197.8	0.754578754579
197.9	0.7557997558
198	0.754578754579
198.1	0.754578754579
198.2	0.754578754579
198.3	0.754578754579
198.4	0.754578754579
198.5	0.753357753358
198.6	0.754578754579
198.7	0.753357753358
198.8	0.752136752137
198.9	0.753357753358
199	0.753357753358
199.1	0.752136752137
199.2	0.752136752137
199.3	0.753357753358
199.4	0.752136752137
199.5	0.752136752137
199.6	0.750915750916
199.7	0.750915750916
199.8	0.752136752137
199.9	0.749694749695
200	0.752136752137
200.1	0.750915750916
200.2	0.750915750916
200.3	0.752136752137
200.4	0.749694749695
200.5	0.750915750916
200.6	0.749694749695
200.7	0.749694749695
200.8	0.749694749695
200.9	0.749694749695
201	0.749694749695
201.1	0.749694749695
201.2	0.747252747253
201.3	0.749694749695
201.4	0.748473748474
201.5	0.748473748474
201.6	0.748473748474
201.7	0.747252747253
201.8	0.748473748474
201.9	0.747252747253
202	0.746031746032
202.1	0.747252747253
202.2	0.747252747253
202.3	0.746031746032
202.4	0.746031746032
202.5	0.747252747253
202.6	0.744810744811
202.7	0.746031746032
202.8	0.746031746032
202.9	0.744810744811
203	0.744810744811
203.1	0.744810744811
203.2	0.744810744811
203.3	0.744810744811
203.4	0.744810744811
203.5	0.744810744811
203.6	0.74358974359
203.7	0.74358974359
203.8	0.74358974359
203.9	0.742368742369
204	0.74358974359
204.1	0.74358974359
204.2	0.742368742369
204.3	0.742368742369
204.4	0.742368742369
204.5	0.739926739927
204.6	0.742368742369
204.7	0.742368742369
204.8	0.741147741148
204.9	0.742368742369
205	0.739926739927
205.1	0.738705738706
205.2	0.739926739927
205.3	0.738705738706
205.4	0.738705738706
205.5	0.739926739927
205.6	0.739926739927
205.7	0.738705738706
205.8	0.739926739927
205.9	0.739926739927
206	0.739926739927
206.1	0.738705738706
206.2	0.737484737485
206.3	0.738705738706
206.4	0.738705738706
206.5	0.737484737485
206.6	0.738705738706
206.7	0.738705738706
206.8	0.737484737485
206.9	0.737484737485
207	0.737484737485
207.1	0.737484737485
207.2	0.737484737485
207.3	0.736263736264
207.4	0.737484737485
207.5	0.736263736264
207.6	0.736263736264
207.7	0.736263736264
207.8	0.735042735043
207.9	0.735042735043
208	0.735042735043
208.1	0.736263736264
208.2	0.736263736264
208.3	0.733821733822
208.4	0.733821733822
208.5	0.733821733822
208.6	0.733821733822
208.7	0.733821733822
208.8	0.733821733822
208.9	0.733821733822
209	0.733821733822
209.1	0.733821733822
209.2	0.732600732601
209.3	0.733821733822
209.4	0.732600732601
209.5	0.73137973138
209.6	0.733821733822
209.7	0.732600732601
209.8	0.732600732601
209.9	0.733821733822
210	0.73137973138
210.1	0.73137973138
210.2	0.73137973138
210.3	0.73137973138
210.4	0.73137973138
210.5	0.73137973138
210.6	0.730158730159
210.7	0.730158730159
210.8	0.730158730159
210.9	0.728937728938
211	0.73137973138
211.1	0.728937728938
211.2	0.730158730159
211.3	0.728937728938
211.4	0.730158730159
211.5	0.730158730159
211.6	0.728937728938
211.7	0.728937728938
211.8	0.730158730159
211.9	0.727716727717
212	0.728937728938
212.1	0.728937728938
212.2	0.727716727717
212.3	0.727716727717
212.4	0.728937728938
212.5	0.726495726496
212.6	0.727716727717
212.7	0.727716727717
212.8	0.726495726496
212.9	0.726495726496
213	0.727716727717
213.1	0.724053724054
213.2	0.726495726496
213.3	0.727716727717
213.4	0.726495726496
213.5	0.726495726496
213.6	0.726495726496
213.7	0.727716727717
213.8	0.725274725275
213.9	0.725274725275
214	0.725274725275
214.1	0.725274725275
214.2	0.726495726496
214.3	0.725274725275
214.4	0.725274725275
214.5	0.725274725275
214.6	0.725274725275
214.7	0.724053724054
214.8	0.724053724054
214.9	0.724053724054
215	0.724053724054
215.1	0.724053724054
215.2	0.722832722833
215.3	0.722832722833
215.4	0.722832722833
215.5	0.722832722833
215.6	0.722832722833
215.7	0.722832722833
215.8	0.720390720391
215.9	0.722832722833
216	0.722832722833
216.1	0.722832722833
216.2	0.722832722833
216.3	0.721611721612
216.4	0.722832722833
216.5	0.720390720391
216.6	0.722832722833
216.7	0.721611721612
216.8	0.721611721612
216.9	0.720390720391
217	0.721611721612
217.1	0.720390720391
217.2	0.720390720391
217.3	0.720390720391
217.4	0.720390720391
217.5	0.720390720391
217.6	0.71916971917
217.7	0.71916971917
217.8	0.71916971917
217.9	0.71916971917
218	0.71916971917
218.1	0.71916971917
218.2	0.717948717949
218.3	0.717948717949
218.4	0.71916971917
218.5	0.717948717949
218.6	0.717948717949
218.7	0.717948717949
218.8	0.720390720391
218.9	0.71916971917
219	0.716727716728
219.1	0.716727716728
219.2	0.716727716728
219.3	0.717948717949
219.4	0.717948717949
219.5	0.716727716728
219.6	0.716727716728
219.7	0.717948717949
219.8	0.716727716728
219.9	0.717948717949
220	0.715506715507
220.1	0.715506715507
220.2	0.715506715507
220.3	0.715506715507
220.4	0.715506715507
220.5	0.715506715507
220.6	0.715506715507
220.7	0.715506715507
220.8	0.714285714286
220.9	0.715506715507
221	0.715506715507
221.1	0.715506715507
221.2	0.715506715507
221.3	0.714285714286
221.4	0.713064713065
221.5	0.714285714286
221.6	0.714285714286
221.7	0.714285714286
221.8	0.714285714286
221.9	0.713064713065
222	0.713064713065
222.1	0.713064713065
222.2	0.711843711844
222.3	0.711843711844
222.4	0.713064713065
222.5	0.713064713065
222.6	0.711843711844
222.7	0.711843711844
222.8	0.711843711844
222.9	0.711843711844
223	0.711843711844
223.1	0.710622710623
223.2	0.711843711844
223.3	0.711843711844
223.4	0.711843711844
223.5	0.713064713065
223.6	0.711843711844
223.7	0.711843711844
223.8	0.711843711844
223.9	0.710622710623
224	0.710622710623
224.1	0.711843711844
224.2	0.710622710623
224.3	0.710622710623
224.4	0.710622710623
224.5	0.709401709402
224.6	0.709401709402
224.7	0.709401709402
224.8	0.710622710623
224.9	0.710622710623
225	0.709401709402
225.1	0.708180708181
225.2	0.709401709402
225.3	0.708180708181
225.4	0.709401709402
225.5	0.708180708181
225.6	0.709401709402
225.7	0.70695970696
225.8	0.708180708181
225.9	0.708180708181
226	0.708180708181
226.1	0.70695970696
226.2	0.70695970696
226.3	0.708180708181
226.4	0.705738705739
226.5	0.70695970696
226.6	0.70695970696
226.7	0.70695970696
226.8	0.708180708181
226.9	0.70695970696
227	0.70695970696
227.1	0.708180708181
227.2	0.70695970696
227.3	0.705738705739
227.4	0.70695970696
227.5	0.705738705739
227.6	0.70695970696
227.7	0.708180708181
227.8	0.705738705739
227.9	0.705738705739
228	0.705738705739
228.1	0.705738705739
228.2	0.705738705739
228.3	0.704517704518
228.4	0.704517704518
228.5	0.704517704518
228.6	0.704517704518
228.7	0.704517704518
228.8	0.704517704518
228.9	0.704517704518
229	0.704517704518
229.1	0.704517704518
229.2	0.704517704518
229.3	0.704517704518
229.4	0.704517704518
229.5	0.703296703297
229.6	0.703296703297
229.7	0.704517704518
229.8	0.703296703297
229.9	0.703296703297
230	0.703296703297
230.1	0.703296703297
230.2	0.704517704518
230.3	0.704517704518
230.4	0.702075702076
230.5	0.700854700855
230.6	0.704517704518
230.7	0.703296703297
230.8	0.703296703297
230.9	0.703296703297
231	0.703296703297
231.1	0.703296703297
231.2	0.700854700855
231.3	0.703296703297
231.4	0.700854700855
231.5	0.700854700855
231.6	0.699633699634
231.7	0.700854700855
231.8	0.700854700855
231.9	0.700854700855
232	0.699633699634
232.1	0.699633699634
232.2	0.700854700855
232.3	0.700854700855
232.4	0.699633699634
232.5	0.699633699634
232.6	0.699633699634
232.7	0.699633699634
232.8	0.698412698413
232.9	0.699633699634
233	0.699633699634
233.1	0.698412698413
233.2	0.698412698413
233.3	0.699633699634
233.4	0.698412698413
233.5	0.698412698413
233.6	0.697191697192
233.7	0.698412698413
233.8	0.697191697192
233.9	0.698412698413
234	0.699633699634
234.1	0.698412698413
234.2	0.698412698413
234.3	0.697191697192
234.4	0.695970695971
234.5	0.697191697192
234.6	0.697191697192
234.7	0.697191697192
234.8	0.697191697192
234.9	0.695970695971
235	0.697191697192
235.1	0.698412698413
235.2	0.697191697192
235.3	0.69474969475
235.4	0.697191697192
235.5	0.697191697192
235.6	0.697191697192
235.7	0.695970695971
235.8	0.695970695971
235.9	0.695970695971
236	0.695970695971
236.1	0.695970695971
236.2	0.695970695971
236.3	0.697191697192
236.4	0.69474969475
236.5	0.695970695971
236.6	0.695970695971
236.7	0.695970695971
236.8	0.69474969475
236.9	0.69474969475
237	0.69474969475
237.1	0.69474969475
237.2	0.69474969475
237.3	0.69474969475
237.4	0.693528693529
237.5	0.69474969475
237.6	0.69474969475
237.7	0.693528693529
237.8	0.69474969475
237.9	0.69474969475
238	0.69474969475
238.1	0.69474969475
238.2	0.693528693529
238.3	0.693528693529
238.4	0.693528693529
238.5	0.693528693529
238.6	0.693528693529
238.7	0.692307692308
238.8	0.693528693529
238.9	0.693528693529
239	0.693528693529
239.1	0.691086691087
239.2	0.692307692308
239.3	0.692307692308
239.4	0.692307692308
239.5	0.691086691087
239.6	0.691086691087
239.7	0.692307692308
239.8	0.692307692308
239.9	0.691086691087
240	0.692307692308
240.1	0.692307692308
240.2	0.692307692308
240.3	0.689865689866
240.4	0.691086691087
240.5	0.689865689866
240.6	0.687423687424
240.7	0.689865689866
240.8	0.691086691087
240.9	0.689865689866
241	0.691086691087
241.1	0.691086691087
241.2	0.689865689866
241.3	0.689865689866
241.4	0.691086691087
241.5	0.691086691087
241.6	0.689865689866
241.7	0.688644688645
241.8	0.689865689866
241.9	0.689865689866
242	0.689865689866
242.1	0.689865689866
242.2	0.691086691087
242.3	0.689865689866
242.4	0.689865689866
242.5	0.688644688645
242.6	0.689865689866
242.7	0.689865689866
242.8	0.689865689866
242.9	0.688644688645
243	0.688644688645
243.1	0.688644688645
243.2	0.688644688645
243.3	0.688644688645
243.4	0.687423687424
243.5	0.688644688645
243.6	0.687423687424
243.7	0.687423687424
243.8	0.688644688645
243.9	0.687423687424
244	0.689865689866
244.1	0.687423687424
244.2	0.687423687424
244.3	0.686202686203
244.4	0.688644688645
244.5	0.687423687424
244.6	0.686202686203
244.7	0.687423687424
244.8	0.688644688645
244.9	0.687423687424
245	0.687423687424
245.1	0.686202686203
245.2	0.686202686203
245.3	0.687423687424
245.4	0.686202686203
245.5	0.687423687424
245.6	0.687423687424
245.7	0.686202686203
245.8	0.686202686203
245.9	0.686202686203
246	0.684981684982
246.1	0.687423687424
246.2	0.686202686203
246.3	0.687423687424
246.4	0.684981684982
246.5	0.687423687424
246.6	0.686202686203
246.7	0.684981684982
246.8	0.686202686203
246.9	0.684981684982
247	0.686202686203
247.1	0.684981684982
247.2	0.684981684982
247.3	0.684981684982
247.4	0.686202686203
247.5	0.684981684982
247.6	0.683760683761
247.7	0.68253968254
247.8	0.684981684982
247.9	0.684981684982
248	0.684981684982
248.1	0.683760683761
248.2	0.68253968254
248.3	0.684981684982
248.4	0.683760683761
248.5	0.68253968254
248.6	0.683760683761
248.7	0.683760683761
248.8	0.68253968254
248.9	0.68253968254
249	0.683760683761
249.1	0.683760683761
249.2	0.68253968254
249.3	0.68253968254
249.4	0.683760683761
249.5	0.683760683761
249.6	0.68253968254
249.7	0.68253968254
249.8	0.683760683761
249.9	0.68253968254
250	0.680097680098
250.1	0.683760683761
250.2	0.681318681319
250.3	0.681318681319
250.4	0.683760683761
250.5	0.68253968254
250.6	0.681318681319
250.7	0.680097680098
250.8	0.681318681319
250.9	0.68253968254
251	0.68253968254
251.1	0.681318681319
251.2	0.681318681319
251.3	0.680097680098
251.4	0.681318681319
251.5	0.681318681319
251.6	0.680097680098
251.7	0.681318681319
251.8	0.681318681319
251.9	0.681318681319
252	0.680097680098
252.1	0.678876678877
252.2	0.680097680098
252.3	0.680097680098
252.4	0.680097680098
252.5	0.680097680098
252.6	0.680097680098
252.7	0.680097680098
252.8	0.678876678877
252.9	0.680097680098
253	0.680097680098
253.1	0.678876678877
253.2	0.680097680098
253.3	0.680097680098
253.4	0.678876678877
253.5	0.678876678877
253.6	0.678876678877
253.7	0.678876678877
253.8	0.678876678877
253.9	0.678876678877
254	0.678876678877
254.1	0.680097680098
254.2	0.678876678877
254.3	0.678876678877
254.4	0.677655677656
254.5	0.677655677656
254.6	0.678876678877
254.7	0.678876678877
254.8	0.677655677656
254.9	0.678876678877
255	0.678876678877
255.1	0.678876678877
255.2	0.677655677656
255.3	0.677655677656
255.4	0.677655677656
255.5	0.678876678877
255.6	0.678876678877
255.7	0.677655677656
255.8	0.677655677656
255.9	0.677655677656
256	0.676434676435
256.1	0.676434676435
256.2	0.677655677656
256.3	0.676434676435
256.4	0.677655677656
256.5	0.678876678877
256.6	0.676434676435
256.7	0.676434676435
256.8	0.676434676435
256.9	0.677655677656
257	0.677655677656
257.1	0.676434676435
257.2	0.676434676435
257.3	0.676434676435
257.4	0.677655677656
257.5	0.676434676435
257.6	0.676434676435
257.7	0.675213675214
257.8	0.676434676435
257.9	0.676434676435
258	0.676434676435
258.1	0.675213675214
258.2	0.676434676435
258.3	0.676434676435
258.4	0.676434676435
258.5	0.676434676435
258.6	0.676434676435
258.7	0.675213675214
258.8	0.675213675214
258.9	0.675213675214
259	0.675213675214
259.1	0.673992673993
259.2	0.675213675214
259.3	0.673992673993
259.4	0.675213675214
259.5	0.675213675214
259.6	0.675213675214
259.7	0.673992673993
259.8	0.675213675214
259.9	0.675213675214
260	0.675213675214
260.1	0.675213675214
260.2	0.673992673993
260.3	0.673992673993
260.4	0.673992673993
260.5	0.672771672772
260.6	0.673992673993
260.7	0.673992673993
260.8	0.673992673993
260.9	0.673992673993
261	0.672771672772
261.1	0.673992673993
261.2	0.672771672772
261.3	0.673992673993
261.4	0.672771672772
261.5	0.673992673993
261.6	0.673992673993
261.7	0.673992673993
261.8	0.673992673993
261.9	0.673992673993
262	0.671550671551
262.1	0.672771672772
262.2	0.673992673993
262.3	0.672771672772
262.4	0.671550671551
262.5	0.673992673993
262.6	0.672771672772
262.7	0.672771672772
262.8	0.671550671551
262.9	0.672771672772
263	0.673992673993
263.1	0.672771672772
263.2	0.672771672772
263.3	0.672771672772
263.4	0.671550671551
263.5	0.671550671551
263.6	0.671550671551
263.7	0.671550671551
263.8	0.67032967033
263.9	0.672771672772
264	0.671550671551
264.1	0.672771672772
264.2	0.67032967033
264.3	0.671550671551
264.4	0.671550671551
264.5	0.671550671551
264.6	0.671550671551
264.7	0.67032967033
264.8	0.671550671551
264.9	0.671550671551
265	0.671550671551
265.1	0.671550671551
265.2	0.671550671551
265.3	0.671550671551
265.4	0.671550671551
265.5	0.67032967033
265.6	0.671550671551
265.7	0.67032967033
265.8	0.671550671551
265.9	0.671550671551
266	0.67032967033
266.1	0.67032967033
266.2	0.67032967033
266.3	0.67032967033
266.4	0.67032967033
266.5	0.669108669109
266.6	0.67032967033
266.7	0.669108669109
266.8	0.67032967033
266.9	0.67032967033
267	0.671550671551
267.1	0.67032967033
267.2	0.671550671551
267.3	0.67032967033
267.4	0.67032967033
267.5	0.667887667888
267.6	0.669108669109
267.7	0.669108669109
267.8	0.67032967033
267.9	0.669108669109
268	0.67032967033
268.1	0.67032967033
268.2	0.669108669109
268.3	0.669108669109
268.4	0.669108669109
268.5	0.669108669109
268.6	0.666666666667
268.7	0.669108669109
268.8	0.667887667888
268.9	0.669108669109
269	0.669108669109
269.1	0.669108669109
269.2	0.669108669109
269.3	0.667887667888
269.4	0.669108669109
269.5	0.669108669109
269.6	0.669108669109
269.7	0.669108669109
269.8	0.667887667888
269.9	0.666666666667
270	0.667887667888
270.1	0.667887667888
270.2	0.669108669109
270.3	0.669108669109
270.4	0.667887667888
270.5	0.667887667888
270.6	0.667887667888
270.7	0.667887667888
270.8	0.667887667888
270.9	0.667887667888
271	0.665445665446
271.1	0.667887667888
271.2	0.666666666667
271.3	0.667887667888
271.4	0.667887667888
271.5	0.666666666667
271.6	0.667887667888
271.7	0.666666666667
271.8	0.666666666667
271.9	0.667887667888
272	0.666666666667
272.1	0.666666666667
272.2	0.667887667888
272.3	0.667887667888
272.4	0.666666666667
272.5	0.667887667888
272.6	0.666666666667
272.7	0.666666666667
272.8	0.666666666667
272.9	0.666666666667
273	0.666666666667
273.1	0.666666666667
273.2	0.666666666667
273.3	0.665445665446
273.4	0.666666666667
273.5	0.666666666667
273.6	0.665445665446
273.7	0.666666666667
273.8	0.666666666667
273.9	0.665445665446
274	0.666666666667
274.1	0.665445665446
274.2	0.665445665446
274.3	0.665445665446
274.4	0.666666666667
274.5	0.665445665446
274.6	0.665445665446
274.7	0.665445665446
274.8	0.665445665446
274.9	0.665445665446
275	0.665445665446
275.1	0.665445665446
275.2	0.664224664225
275.3	0.664224664225
275.4	0.666666666667
275.5	0.665445665446
275.6	0.665445665446
275.7	0.665445665446
275.8	0.665445665446
275.9	0.665445665446
276	0.665445665446
276.1	0.665445665446
276.2	0.664224664225
276.3	0.665445665446
276.4	0.664224664225
276.5	0.664224664225
276.6	0.664224664225
276.7	0.664224664225
276.8	0.664224664225
276.9	0.664224664225
277	0.664224664225
277.1	0.664224664225
277.2	0.664224664225
277.3	0.664224664225
277.4	0.664224664225
277.5	0.664224664225
277.6	0.664224664225
277.7	0.664224664225
277.8	0.664224664225
277.9	0.665445665446
278	0.664224664225
278.1	0.664224664225
278.2	0.664224664225
278.3	0.664224664225
278.4	0.664224664225
278.5	0.661782661783
278.6	0.664224664225
278.7	0.664224664225
278.8	0.663003663004
278.9	0.664224664225
279	0.663003663004
279.1	0.661782661783
279.2	0.661782661783
279.3	0.663003663004
279.4	0.664224664225
279.5	0.661782661783
279.6	0.663003663004
279.7	0.664224664225
279.8	0.664224664225
279.9	0.664224664225
280	0.661782661783
280.1	0.661782661783
280.2	0.663003663004
280.3	0.663003663004
280.4	0.661782661783
280.5	0.664224664225
280.6	0.661782661783
280.7	0.663003663004
280.8	0.661782661783
280.9	0.663003663004
281	0.661782661783
281.1	0.661782661783
281.2	0.660561660562
281.3	0.661782661783
281.4	0.661782661783
281.5	0.663003663004
281.6	0.663003663004
281.7	0.661782661783
281.8	0.661782661783
281.9	0.660561660562
282	0.660561660562
282.1	0.664224664225
282.2	0.660561660562
282.3	0.659340659341
282.4	0.660561660562
282.5	0.661782661783
282.6	0.661782661783
282.7	0.661782661783
282.8	0.661782661783
282.9	0.661782661783
283	0.660561660562
283.1	0.659340659341
283.2	0.659340659341
283.3	0.661782661783
283.4	0.659340659341
283.5	0.661782661783
283.6	0.660561660562
283.7	0.660561660562
283.8	0.661782661783
283.9	0.660561660562
284	0.661782661783
284.1	0.661782661783
284.2	0.661782661783
284.3	0.660561660562
284.4	0.659340659341
284.5	0.659340659341
284.6	0.660561660562
284.7	0.661782661783
284.8	0.660561660562
284.9	0.661782661783
285	0.659340659341
285.1	0.660561660562
285.2	0.660561660562
285.3	0.659340659341
285.4	0.660561660562
285.5	0.660561660562
285.6	0.659340659341
285.7	0.65811965812
285.8	0.660561660562
285.9	0.660561660562
286	0.660561660562
286.1	0.660561660562
286.2	0.659340659341
286.3	0.659340659341
286.4	0.659340659341
286.5	0.659340659341
286.6	0.659340659341
286.7	0.660561660562
286.8	0.659340659341
286.9	0.659340659341
287	0.659340659341
287.1	0.659340659341
287.2	0.659340659341
287.3	0.65811965812
287.4	0.659340659341
287.5	0.659340659341
287.6	0.65811965812
287.7	0.659340659341
287.8	0.659340659341
287.9	0.65811965812
288	0.659340659341
288.1	0.659340659341
288.2	0.659340659341
288.3	0.65811965812
288.4	0.659340659341
288.5	0.659340659341
288.6	0.65811965812
288.7	0.65811965812
288.8	0.65811965812
288.9	0.659340659341
289	0.659340659341
289.1	0.65811965812
289.2	0.656898656899
289.3	0.656898656899
289.4	0.65811965812
289.5	0.65811965812
289.6	0.65811965812
289.7	0.65811965812
289.8	0.65811965812
289.9	0.659340659341
290	0.65811965812
290.1	0.65811965812
290.2	0.65811965812
290.3	0.656898656899
290.4	0.656898656899
290.5	0.656898656899
290.6	0.659340659341
290.7	0.65811965812
290.8	0.65811965812
290.9	0.65811965812
291	0.656898656899
291.1	0.656898656899
291.2	0.65811965812
291.3	0.65811965812
291.4	0.65811965812
291.5	0.656898656899
291.6	0.656898656899
291.7	0.656898656899
291.8	0.656898656899
291.9	0.65811965812
292	0.656898656899
292.1	0.656898656899
292.2	0.655677655678
292.3	0.656898656899
292.4	0.65811965812
292.5	0.656898656899
292.6	0.656898656899
292.7	0.656898656899
292.8	0.655677655678
292.9	0.656898656899
293	0.656898656899
293.1	0.656898656899
293.2	0.656898656899
293.3	0.656898656899
293.4	0.656898656899
293.5	0.656898656899
293.6	0.656898656899
293.7	0.656898656899
293.8	0.655677655678
293.9	0.656898656899
294	0.656898656899
294.1	0.655677655678
294.2	0.655677655678
294.3	0.656898656899
294.4	0.655677655678
294.5	0.656898656899
294.6	0.656898656899
294.7	0.655677655678
294.8	0.655677655678
294.9	0.655677655678
295	0.655677655678
295.1	0.655677655678
295.2	0.656898656899
295.3	0.655677655678
295.4	0.656898656899
295.5	0.655677655678
295.6	0.654456654457
295.7	0.656898656899
295.8	0.655677655678
295.9	0.655677655678
296	0.655677655678
296.1	0.656898656899
296.2	0.654456654457
296.3	0.655677655678
296.4	0.655677655678
296.5	0.655677655678
296.6	0.655677655678
296.7	0.654456654457
296.8	0.655677655678
296.9	0.655677655678
297	0.655677655678
297.1	0.655677655678
297.2	0.654456654457
297.3	0.654456654457
297.4	0.654456654457
297.5	0.654456654457
297.6	0.655677655678
297.7	0.655677655678
297.8	0.654456654457
297.9	0.654456654457
298	0.655677655678
298.1	0.655677655678
298.2	0.654456654457
298.3	0.654456654457
298.4	0.654456654457
298.5	0.655677655678
298.6	0.654456654457
298.7	0.654456654457
298.8	0.654456654457
298.9	0.653235653236
299	0.653235653236
299.1	0.653235653236
299.2	0.654456654457
299.3	0.655677655678
299.4	0.655677655678
299.5	0.653235653236
299.6	0.653235653236
299.7	0.653235653236
299.8	0.654456654457
299.9	0.654456654457
300	0.654456654457
